Opening file "a33.txt"!
Given block number : 20
Closing file!
Maximum number of vehicles: 6
Truck capacity : 100
Capacities: 0 26 17 6 15 7 5 15 16 17 1 21 66 25 16 11 7 17 17 22 10 25 16 7 21 11 21 11 21 22 25 2 22
Given Dist matrix:
0.00 26.40 60.80 61.07 59.17 34.66 31.02 36.67 56.61 71.85 12.73 43.01 35.47 28.02 14.04 64.64 39.66 24.70 30.08 41.48 61.91 23.35 49.34 55.15 42.45 21.47 57.72 36.36 5.83 68.35 37.54 31.06 9.43
26.40 0.00 35.36 39.00 40.45 14.00 5.00 10.30 36.14 46.10 25.00 37.64 45.35 5.10 14.14 38.95 63.66 20.02 4.00 16.00 35.81 39.45 37.11 60.21 46.10 45.34 46.10 62.65 32.20 53.15 62.63 50.36 26.87
60.80 35.36 0.00 14.87 24.21 27.31 32.02 25.61 18.87 11.18 60.21 62.59 77.83 32.80 49.50 4.12 99.01 51.97 32.65 26.57 5.66 74.20 35.74 71.59 60.21 80.66 40.31 97.08 66.61 61.85 97.84 77.37 62.23
61.07 39.00 14.87 0.00 9.85 26.63 37.36 31.58 6.08 20.88 63.53 72.11 84.12 34.89 52.35 17.20 100.60 58.24 37.64 36.01 20.52 78.26 24.00 60.13 50.36 82.20 26.57 96.21 66.60 75.27 98.60 71.59 64.66
59.17 40.45 24.21 9.85 0.00 26.68 40.01 35.13 5.83 30.68 63.57 76.16 85.70 35.69 52.50 26.93 98.79 60.41 40.05 41.23 29.83 78.43 15.52 51.00 42.20 80.62 16.76 92.85 64.35 82.35 96.26 65.51 64.08
34.66 14.00 27.31 26.63 26.68 0.00 14.87 12.73 22.85 38.48 37.16 51.20 59.03 9.06 26.00 31.38 74.03 34.01 14.56 21.26 29.83 52.00 23.77 51.97 38.48 55.61 32.57 70.43 40.31 63.25 72.18 50.64 38.08
31.02 5.00 32.02 37.36 40.01 14.87 0.00 6.40 35.23 42.43 28.28 36.50 46.82 7.81 18.03 35.38 67.36 20.88 1.00 11.00 31.89 42.20 38.63 64.03 50.00 49.20 47.43 67.08 36.77 49.50 66.61 55.33 30.61
36.67 10.30 25.61 31.58 35.13 12.73 6.40 0.00 30.00 36.07 34.66 41.05 52.92 10.00 24.21 29.00 73.66 26.93 7.07 8.60 25.61 48.60 35.85 64.35 50.61 55.44 44.28 72.95 42.49 50.61 72.80 59.01 36.88
56.61 36.14 18.87 6.08 5.83 22.85 35.23 30.00 0.00 26.48 60.01 71.03 81.49 31.62 48.85 21.93 96.26 55.90 35.36 35.69 24.41 74.85 18.03 54.23 44.28 77.94 21.47 91.22 62.01 76.56 94.02 65.74 60.83
71.85 46.10 11.18 20.88 30.68 38.48 42.43 36.07 26.48 0.00 70.71 70.23 87.13 43.83 60.21 7.21 109.71 61.61 43.14 35.51 10.82 84.39 44.41 80.62 70.00 91.44 47.43 108.17 77.67 65.19 108.71 88.32 72.92
12.73 25.00 60.21 63.53 63.57 37.16 28.28 34.66 60.01 70.71 0.00 30.53 24.33 28.65 11.18 63.66 39.20 14.00 27.59 36.89 60.14 14.87 56.32 67.08 53.85 21.47 65.19 41.23 15.23 57.01 38.95 43.60 4.12
43.01 37.64 62.59 72.11 76.16 51.20 36.50 41.05 71.03 70.23 30.53 0.00 23.41 42.72 33.42 64.56 57.56 20.00 36.67 36.35 59.77 31.06 74.73 94.40 80.45 45.40 83.68 66.27 45.65 29.02 60.07 74.06 34.48
35.47 45.35 77.83 84.12 85.70 59.03 46.82 52.92 81.49 87.13 24.33 23.41 0.00 50.01 34.01 80.62 35.00 26.00 46.49 51.62 76.32 13.45 80.02 90.62 77.79 26.93 89.01 46.17 34.99 51.79 38.33 63.41 26.25
28.02 5.10 32.80 34.89 35.69 9.06 7.81 10.00 31.62 43.83 28.65 42.72 50.01 0.00 17.49 36.62 66.53 25.00 7.07 17.72 34.00 43.38 32.02 56.22 42.20 48.10 41.00 64.35 33.84 57.28 65.12 49.01 30.00
14.04 14.14 49.50 52.35 52.50 26.00 18.03 24.21 48.85 60.21 11.18 33.42 34.01 17.49 0.00 53.08 49.52 13.45 17.20 27.86 49.82 26.00 46.01 61.03 47.17 31.24 55.00 49.24 19.42 55.90 48.60 43.08 12.73
64.64 38.95 4.12 17.20 26.93 31.38 35.38 29.00 21.93 7.21 63.66 64.56 80.62 36.62 53.08 0.00 102.59 54.92 36.07 29.07 5.00 77.47 39.29 75.31 64.12 84.29 43.38 100.96 70.46 61.98 101.53 81.49 65.80
39.66 63.66 99.01 100.60 98.79 74.03 67.36 73.66 96.26 109.71 39.20 57.56 35.00 66.53 49.52 102.59 0.00 51.00 66.60 76.03 99.25 27.86 88.14 84.01 74.81 18.44 96.01 16.64 34.48 86.47 5.83 50.16 36.80
24.70 20.02 51.97 58.24 60.41 34.01 20.88 26.93 55.90 61.61 14.00 20.00 26.00 25.00 13.45 54.92 51.00 0.00 20.62 26.25 50.80 23.60 56.57 74.40 60.46 34.48 65.62 54.92 28.64 43.66 51.62 55.47 18.03
30.08 4.00 32.65 37.64 40.05 14.56 1.00 7.07 35.36 43.14 27.59 36.67 46.49 7.07 17.20 36.07 66.60 20.62 0.00 12.00 32.65 41.62 38.28 63.25 49.20 48.41 47.13 66.19 35.85 50.21 65.80 54.33 29.83
41.48 16.00 26.57 36.01 41.23 21.26 11.00 8.60 35.69 35.51 36.89 36.35 51.62 17.72 27.86 29.07 76.03 26.25 12.00 0.00 24.70 49.52 43.83 72.95 59.17 58.31 51.97 77.08 47.13 42.44 75.80 66.27 39.82
61.91 35.81 5.66 20.52 29.83 29.83 31.89 25.61 24.41 10.82 60.14 59.77 76.32 34.00 49.82 5.00 99.25 50.80 32.65 24.70 0.00 73.66 40.85 76.40 64.63 81.06 45.79 98.27 67.74 57.07 98.41 80.41 62.48
23.35 39.45 74.20 78.26 78.43 52.00 42.20 48.60 74.85 84.39 14.87 31.06 13.45 43.38 26.00 77.47 27.86 23.60 41.62 49.52 73.66 0.00 70.86 78.11 65.73 14.56 79.63 35.23 21.93 60.01 29.43 50.00 15.03
49.34 37.11 35.74 24.00 15.52 23.77 38.63 35.85 18.03 44.41 56.32 74.73 80.02 32.02 46.01 39.29 88.14 56.57 38.28 43.83 40.85 70.86 0.00 36.22 26.68 70.58 9.06 80.45 53.85 86.27 85.00 50.80 55.90
55.15 60.21 71.59 60.13 51.00 51.97 64.03 64.35 54.23 80.62 67.08 94.40 90.62 56.22 61.03 75.31 84.01 74.40 63.25 72.95 76.40 78.11 36.22 0.00 14.14 70.86 35.36 70.71 56.32 113.36 79.10 34.37 64.47
42.45 46.10 60.21 50.36 42.20 38.48 50.00 50.61 44.28 70.00 53.85 80.45 77.79 42.20 47.17 64.12 74.81 60.46 49.20 59.17 64.63 65.73 26.68 14.14 0.00 60.01 29.15 63.25 44.41 99.25 70.41 28.30 51.55
21.47 45.34 80.66 82.20 80.62 55.61 49.20 55.44 77.94 91.44 21.47 45.40 26.93 48.10 31.24 84.29 18.44 34.48 48.41 58.31 81.06 14.56 70.58 70.86 60.01 0.00 78.75 21.00 16.76 74.17 17.49 39.40 18.60
57.72 46.10 40.31 26.57 16.76 32.57 47.43 44.28 21.47 47.43 65.19 83.68 89.01 41.00 55.00 43.38 96.01 65.62 47.13 51.97 45.79 79.63 9.06 35.36 29.15 78.75 0.00 87.46 61.98 94.34 92.61 55.87 64.63
36.36 62.65 97.08 96.21 92.85 70.43 67.08 72.95 91.22 108.17 41.23 66.27 46.17 64.35 49.24 100.96 16.64 54.92 66.19 77.08 98.27 35.23 80.45 70.71 63.25 21.00 87.46 0.00 30.53 95.13 10.82 36.35 37.64
5.83 32.20 66.61 66.60 64.35 40.31 36.77 42.49 62.01 77.67 15.23 45.65 34.99 33.84 19.42 70.46 34.48 28.64 35.85 47.13 67.74 21.93 53.85 56.32 44.41 16.76 61.98 30.53 0.00 72.12 32.02 29.00 11.18
68.35 53.15 61.85 75.27 82.35 63.25 49.50 50.61 76.56 65.19 57.01 29.02 51.79 57.28 55.90 61.98 86.47 43.66 50.21 42.44 57.07 60.01 86.27 113.36 99.25 74.17 94.34 95.13 72.12 0.00 89.09 98.90 61.13
37.54 62.63 97.84 98.60 96.26 72.18 66.61 72.80 94.02 108.71 38.95 60.07 38.33 65.12 48.60 101.53 5.83 51.62 65.80 75.80 98.41 29.43 85.00 79.10 70.41 17.49 92.61 10.82 32.02 89.09 0.00 45.01 36.06
31.06 50.36 77.37 71.59 65.51 50.64 55.33 59.01 65.74 88.32 43.60 74.06 63.41 49.01 43.08 81.49 50.16 55.47 54.33 66.27 80.41 50.00 50.80 34.37 28.30 39.40 55.87 36.35 29.00 98.90 45.01 0.00 39.82
9.43 26.87 62.23 64.66 64.08 38.08 30.61 36.88 60.83 72.92 4.12 34.48 26.25 30.00 12.73 65.80 36.80 18.03 29.83 39.82 62.48 15.03 55.90 64.47 51.55 18.60 64.63 37.64 11.18 61.13 36.06 39.82 0.00

Capacitated Vehicle Route Problem with Ant Colony Algorithm


1024 thread



R=10

Called function with 1 Block:

Attempt #0 ||
Raw data:
0 26 24 9 25 14 0 6 12 31 0 21 18 11 18 8 0 15 27 13 5 20 10 16 32 0 29 22 19 7 19 0 17 23 28 20 30 17
Need to find route in greedy mode!
Vehicle #0 : 0 (38) 30 (39) 10 (37) 19 (52) 26 (47) 18 (54) 31 (31) 0
Vehicle #1 : 0 (26) 1 (39) 15 (62) 29 (57) 13 (28) 0
Vehicle #2 : 0 (57) 8 (26) 9 (31) 4 (64) 32 (56) 22 (24) 5 (35) 0
Vehicle #3 : 0 (42) 24 (47) 14 (31) 25 (49) 6 (67) 27 (71) 23 (64) 7 (37) 0
Vehicle #4 : 0 (62) 20 (74) 21 (22) 28 (29) 17 (20) 11 (43) 0
Vehicle #5 : 0 (61) 2 (99) 16 (101) 3 (84) 12 (35) 0
 Total length : 1840.71

Attempt #1 ||
Raw data:
0 14 26 4 11 32 0 6 27 13 19 10 2 0 30 5 21 20 3 28 0 31 1 9 23 16 29 0 25 12 17 0 18 8 15 7 22 24
Vehicle #0 : 0 (14) 14 (55) 26 (17) 4 (76) 11 (34) 32 (9) 0
Vehicle #1 : 0 (31) 6 (67) 27 (64) 13 (18) 19 (37) 10 (60) 2 (61) 0
Vehicle #2 : 0 (38) 30 (72) 5 (52) 21 (74) 20 (21) 3 (67) 28 (6) 0
Vehicle #3 : 0 (31) 31 (50) 1 (46) 9 (81) 23 (84) 16 (86) 29 (68) 0
Vehicle #4 : 0 (21) 25 (27) 12 (26) 17 (25) 0
Vehicle #5 : 0 (30) 18 (35) 8 (22) 15 (29) 7 (36) 22 (27) 24 (42) 0
 Total length : 1639.70

Attempt #2 ||
Raw data:
0 12 27 6 4 0 16 11 23 5 17 18 31 20 0 7 24 15 30 32 0 3 2 25 13 1 10 0 8 26 28 22 29 0 14 9 21 19
Vehicle #0 : 0 (35) 12 (46) 27 (67) 6 (40) 4 (59) 0
Vehicle #1 : 0 (40) 16 (58) 11 (94) 23 (52) 5 (34) 17 (21) 18 (54) 31 (80) 20 (62) 0
Vehicle #2 : 0 (37) 7 (51) 24 (64) 15 (102) 30 (36) 32 (9) 0
Vehicle #3 : 0 (61) 3 (15) 2 (81) 25 (48) 13 (5) 1 (25) 10 (13) 0
Vehicle #4 : 0 (57) 8 (21) 26 (62) 28 (54) 22 (86) 29 (68) 0
Vehicle #5 : 0 (14) 14 (60) 9 (84) 21 (50) 19 (41) 0
 Total length : 1886.91

Attempt #3 ||
Raw data:
0 25 17 14 18 7 0 26 24 21 19 0 20 3 16 29 1 9 5 0 22 31 13 6 30 32 0 11 23 2 4 15 10 8 0 28 27 12
Vehicle #0 : 0 (21) 25 (34) 17 (13) 14 (17) 18 (7) 7 (37) 0
Vehicle #1 : 0 (58) 26 (29) 24 (66) 21 (50) 19 (41) 0
Vehicle #2 : 0 (62) 20 (21) 3 (101) 16 (86) 29 (53) 1 (46) 9 (38) 5 (35) 0
Vehicle #3 : 0 (49) 22 (51) 31 (49) 13 (8) 6 (67) 30 (36) 32 (9) 0
Vehicle #4 : 0 (43) 11 (94) 23 (72) 2 (24) 4 (27) 15 (64) 10 (60) 8 (57) 0
Vehicle #5 : 0 (6) 28 (31) 27 (46) 12 (35) 0
 Total length : 1643.34

Attempt #4 ||
Raw data:
0 22 12 16 0 5 7 14 32 17 4 0 21 23 18 2 9 25 6 0 19 26 15 20 1 0 27 28 8 10 30 11 0 31 3 29 13 24
Vehicle #0 : 0 (49) 22 (80) 12 (35) 16 (40) 0
Vehicle #1 : 0 (35) 5 (13) 7 (24) 14 (13) 32 (18) 17 (60) 4 (59) 0
Vehicle #2 : 0 (23) 21 (78) 23 (63) 18 (33) 2 (11) 9 (91) 25 (49) 6 (31) 0
Vehicle #3 : 0 (41) 19 (52) 26 (43) 15 (5) 20 (36) 1 (26) 0
Vehicle #4 : 0 (36) 27 (31) 28 (62) 8 (60) 10 (39) 30 (60) 11 (43) 0
Vehicle #5 : 0 (31) 31 (72) 3 (75) 29 (57) 13 (42) 24 (42) 0
 Total length : 1660.98

Attempt #5 ||
Raw data:
0 23 30 5 13 4 9 0 12 3 26 0 7 31 27 2 22 28 0 19 15 1 8 14 0 21 32 20 16 18 17 0 25 10 6 24 29 11
Vehicle #0 : 0 (55) 23 (79) 30 (72) 5 (9) 13 (36) 4 (31) 9 (72) 0
Vehicle #1 : 0 (35) 12 (84) 3 (27) 26 (58) 0
Vehicle #2 : 0 (37) 7 (59) 31 (36) 27 (97) 2 (36) 22 (54) 28 (6) 0
Vehicle #3 : 0 (41) 19 (29) 15 (39) 1 (36) 8 (49) 14 (14) 0
Vehicle #4 : 0 (23) 21 (15) 32 (62) 20 (99) 16 (67) 18 (21) 17 (25) 0
Vehicle #5 : 0 (21) 25 (21) 10 (28) 6 (50) 24 (99) 29 (29) 11 (43) 0
 Total length : 1695.17

Attempt #6 ||
Raw data:
0 26 12 0 19 32 21 11 0 1 2 20 17 13 31 0 28 22 23 24 5 27 16 0 9 6 15 29 18 10 8 0 14 3 25 30 7 4
Vehicle #0 : 0 (58) 26 (89) 12 (35) 0
Vehicle #1 : 0 (41) 19 (40) 32 (15) 21 (31) 11 (43) 0
Vehicle #2 : 0 (26) 1 (35) 2 (6) 20 (51) 17 (25) 13 (49) 31 (31) 0
Vehicle #3 : 0 (6) 28 (54) 22 (36) 23 (14) 24 (38) 5 (70) 27 (17) 16 (40) 0
Vehicle #4 : 0 (72) 9 (42) 6 (35) 15 (62) 29 (50) 18 (28) 10 (60) 8 (57) 0
Vehicle #5 : 0 (14) 14 (52) 3 (82) 25 (17) 30 (73) 7 (35) 4 (59) 0
 Total length : 1590.42

Attempt #7 ||
Raw data:
0 12 21 0 23 28 9 5 20 24 25 0 6 29 11 13 0 8 17 10 7 27 30 16 0 9 19 18 32 22 31 0 10 15 26 8 7 14
Need to find route in greedy mode!
Vehicle #0 : 0 (13) 10 (24) 12 (52) 19 (73) 23 (55) 0
Vehicle #1 : 0 (36) 27 (93) 4 (99) 16 (99) 2 (26) 7 (27) 17 (55) 31 (31) 0
Vehicle #2 : 0 (14) 14 (52) 3 (65) 32 (73) 9 (78) 28 (6) 0
Vehicle #3 : 0 (68) 29 (74) 25 (84) 15 (31) 5 (51) 11 (71) 8 (57) 0
Vehicle #4 : 0 (23) 21 (71) 22 (41) 20 (33) 18 (66) 30 (38) 0
Vehicle #5 : 0 (31) 6 (8) 13 (42) 24 (46) 1 (46) 26 (58) 0
 Total length : 1909.35

Attempt #8 ||
Raw data:
0 2 26 9 20 15 19 0 28 29 4 13 0 11 1 32 23 7 0 12 31 16 0 30 18 14 27 24 10 5 0 17 21 25 22 6 3 8
Vehicle #0 : 0 (61) 2 (40) 26 (47) 9 (11) 20 (5) 15 (29) 19 (41) 0
Vehicle #1 : 0 (6) 28 (72) 29 (82) 4 (36) 13 (28) 0
Vehicle #2 : 0 (43) 11 (38) 1 (27) 32 (64) 23 (64) 7 (37) 0
Vehicle #3 : 0 (35) 12 (63) 31 (50) 16 (40) 0
Vehicle #4 : 0 (38) 30 (66) 18 (17) 14 (49) 27 (63) 24 (54) 10 (37) 5 (35) 0
Vehicle #5 : 0 (25) 17 (24) 21 (15) 25 (71) 22 (39) 6 (37) 3 (6) 8 (57) 0
 Total length : 1551.48

Attempt #9 ||
Raw data:
0 10 13 14 20 25 9 8 0 18 22 12 0 2 21 24 4 26 0 32 1 28 29 0 30 5 11 16 19 0 17 6 7 15 3 23 31 27
Vehicle #0 : 0 (13) 10 (29) 13 (17) 14 (50) 20 (81) 25 (91) 9 (26) 8 (57) 0
Vehicle #1 : 0 (30) 18 (38) 22 (80) 12 (35) 0
Vehicle #2 : 0 (61) 2 (74) 21 (66) 24 (42) 4 (17) 26 (58) 0
Vehicle #3 : 0 (9) 32 (27) 1 (32) 28 (72) 29 (68) 0
Vehicle #4 : 0 (38) 30 (72) 5 (51) 11 (58) 16 (76) 19 (41) 0
Vehicle #5 : 0 (25) 17 (21) 6 (6) 7 (29) 15 (17) 3 (60) 23 (34) 31 (36) 27 (36) 0
 Total length : 1675.91

Summary:
Average length: 1709.40 (+130.38%)
Minimal length: 1551.48 (+109.09%)


R=30

Called function with 1 Block:

Attempt #0 ||
Raw data:
0 7 2 4 10 26 11 0 25 3 18 31 13 14 19 0 12 16 20 17 0 28 5 22 32 0 15 29 24 9 23 8 6 0 1 21 27 30
Vehicle #0 : 0 (37) 7 (26) 2 (24) 4 (64) 10 (65) 26 (84) 11 (43) 0
Vehicle #1 : 0 (21) 25 (82) 3 (38) 18 (54) 31 (49) 13 (17) 14 (28) 19 (41) 0
Vehicle #2 : 0 (35) 12 (35) 16 (99) 20 (51) 17 (25) 0
Vehicle #3 : 0 (6) 28 (40) 5 (24) 22 (56) 32 (9) 0
Vehicle #4 : 0 (65) 15 (62) 29 (99) 24 (70) 9 (81) 23 (54) 8 (35) 6 (31) 0
Vehicle #5 : 0 (26) 1 (39) 21 (35) 27 (11) 30 (38) 0
 Total length : 1700.30

Attempt #1 ||
Raw data:
0 32 7 27 18 17 2 0 16 30 29 26 19 0 13 3 25 5 1 23 0 14 6 21 22 4 8 0 12 9 0 10 24 20 15 31 28 11
Vehicle #0 : 0 (9) 32 (37) 7 (73) 27 (66) 18 (21) 17 (52) 2 (61) 0
Vehicle #1 : 0 (40) 16 (6) 30 (89) 29 (94) 26 (52) 19 (41) 0
Vehicle #2 : 0 (28) 13 (35) 3 (82) 25 (56) 5 (14) 1 (60) 23 (55) 0
Vehicle #3 : 0 (14) 14 (18) 6 (42) 21 (71) 22 (16) 4 (6) 8 (57) 0
Vehicle #4 : 0 (35) 12 (87) 9 (72) 0
Vehicle #5 : 0 (13) 10 (54) 24 (65) 20 (5) 15 (81) 31 (29) 28 (46) 11 (43) 0
 Total length : 1724.19

Attempt #2 ||
Raw data:
0 2 16 31 24 9 6 14 0 22 15 10 29 7 23 30 0 28 20 4 19 11 27 0 1 12 0 13 3 26 8 5 18 0 25 21 32 17
Vehicle #0 : 0 (61) 2 (99) 16 (50) 31 (28) 24 (70) 9 (42) 6 (18) 14 (14) 0
Vehicle #1 : 0 (49) 22 (39) 15 (64) 10 (57) 29 (51) 7 (64) 23 (79) 30 (38) 0
Vehicle #2 : 0 (6) 28 (68) 20 (30) 4 (41) 19 (36) 11 (66) 27 (36) 0
Vehicle #3 : 0 (26) 1 (45) 12 (35) 0
Vehicle #4 : 0 (28) 13 (35) 3 (27) 26 (21) 8 (23) 5 (15) 18 (30) 0
Vehicle #5 : 0 (21) 25 (15) 21 (15) 32 (18) 17 (25) 0
 Total length : 1486.71

Attempt #3 ||
Raw data:
0 32 3 19 5 0 24 6 9 10 21 16 27 0 25 12 28 0 20 29 13 18 30 0 15 22 17 1 4 7 0 31 23 14 11 2 8 26
Vehicle #0 : 0 (9) 32 (65) 3 (36) 19 (21) 5 (35) 0
Vehicle #1 : 0 (42) 24 (50) 6 (42) 9 (71) 10 (15) 21 (28) 16 (17) 27 (36) 0
Vehicle #2 : 0 (21) 25 (27) 12 (35) 28 (6) 0
Vehicle #3 : 0 (62) 20 (57) 29 (57) 13 (7) 18 (66) 30 (38) 0
Vehicle #4 : 0 (65) 15 (39) 22 (57) 17 (20) 1 (40) 4 (35) 7 (37) 0
Vehicle #5 : 0 (31) 31 (34) 23 (61) 14 (33) 11 (63) 2 (19) 8 (21) 26 (58) 0
 Total length : 1456.53

Attempt #4 ||
Raw data:
0 12 19 5 0 8 22 17 23 4 0 3 26 32 11 25 0 31 13 1 27 6 2 20 0 14 24 28 30 9 0 15 16 18 29 7 10 21
Vehicle #0 : 0 (35) 12 (52) 19 (21) 5 (35) 0
Vehicle #1 : 0 (57) 8 (18) 22 (57) 17 (74) 23 (51) 4 (59) 0
Vehicle #2 : 0 (61) 3 (27) 26 (65) 32 (34) 11 (45) 25 (21) 0
Vehicle #3 : 0 (31) 31 (49) 13 (5) 1 (63) 27 (67) 6 (32) 2 (6) 20 (62) 0
Vehicle #4 : 0 (14) 14 (47) 24 (44) 28 (32) 30 (109) 9 (72) 0
Vehicle #5 : 0 (65) 15 (103) 16 (67) 18 (50) 29 (51) 7 (35) 10 (15) 21 (23) 0
 Total length : 1752.60

Attempt #5 ||
Raw data:
0 14 30 16 21 25 0 7 26 23 22 4 0 15 24 8 17 5 13 0 28 32 19 9 3 0 31 27 11 12 0 1 10 29 20 2 18 6
Vehicle #0 : 0 (14) 14 (49) 30 (6) 16 (28) 21 (15) 25 (21) 0
Vehicle #1 : 0 (37) 7 (44) 26 (35) 23 (36) 22 (16) 4 (59) 0
Vehicle #2 : 0 (65) 15 (64) 24 (44) 8 (56) 17 (34) 5 (9) 13 (28) 0
Vehicle #3 : 0 (6) 28 (11) 32 (40) 19 (36) 9 (21) 3 (61) 0
Vehicle #4 : 0 (31) 31 (36) 27 (66) 11 (23) 12 (35) 0
Vehicle #5 : 0 (26) 1 (25) 10 (57) 29 (57) 20 (6) 2 (33) 18 (1) 6 (31) 0
 Total length : 1262.28

Attempt #6 ||
Raw data:
0 3 1 13 29 10 7 0 31 9 19 6 32 21 0 11 18 5 14 24 17 0 2 8 4 20 30 22 0 23 15 27 25 26 0 28 16 12
Vehicle #0 : 0 (61) 3 (39) 1 (5) 13 (57) 29 (57) 10 (35) 7 (37) 0
Vehicle #1 : 0 (31) 31 (88) 9 (36) 19 (11) 6 (31) 32 (15) 21 (23) 0
Vehicle #2 : 0 (43) 11 (37) 18 (15) 5 (26) 14 (47) 24 (60) 17 (25) 0
Vehicle #3 : 0 (61) 2 (19) 8 (6) 4 (30) 20 (98) 30 (85) 22 (49) 0
Vehicle #4 : 0 (55) 23 (75) 15 (101) 27 (21) 25 (79) 26 (58) 0
Vehicle #5 : 0 (6) 28 (34) 16 (35) 12 (35) 0
 Total length : 1626.01

Attempt #7 ||
Raw data:
0 5 13 18 9 22 7 0 24 27 11 28 0 21 12 0 1 15 26 31 32 14 0 17 3 8 4 29 6 0 16 30 25 19 2 20 23 10
Vehicle #0 : 0 (35) 5 (9) 13 (7) 18 (43) 9 (44) 22 (36) 7 (37) 0
Vehicle #1 : 0 (42) 24 (63) 27 (66) 11 (46) 28 (6) 0
Vehicle #2 : 0 (23) 21 (13) 12 (35) 0
Vehicle #3 : 0 (26) 1 (39) 15 (43) 26 (56) 31 (40) 32 (13) 14 (14) 0
Vehicle #4 : 0 (25) 17 (58) 3 (6) 8 (6) 4 (82) 29 (49) 6 (31) 0
Vehicle #5 : 0 (40) 16 (6) 30 (17) 25 (58) 19 (27) 2 (6) 20 (76) 23 (67) 10 (13) 0
 Total length : 1305.20

Attempt #8 ||
Raw data:
0 15 13 28 19 17 0 22 3 26 30 27 10 20 0 9 4 1 14 25 0 2 21 32 18 5 23 0 29 24 7 8 6 0 12 11 16 31
Vehicle #0 : 0 (65) 15 (37) 13 (34) 28 (47) 19 (26) 17 (25) 0
Vehicle #1 : 0 (49) 22 (24) 3 (27) 26 (93) 30 (11) 27 (41) 10 (60) 20 (62) 0
Vehicle #2 : 0 (72) 9 (31) 4 (40) 1 (14) 14 (31) 25 (21) 0
Vehicle #3 : 0 (61) 2 (74) 21 (15) 32 (30) 18 (15) 5 (52) 23 (55) 0
Vehicle #4 : 0 (68) 29 (99) 24 (51) 7 (30) 8 (35) 6 (31) 0
Vehicle #5 : 0 (35) 12 (23) 11 (58) 16 (50) 31 (31) 0
 Total length : 1623.28

Attempt #9 ||
Raw data:
0 16 26 5 2 10 20 11 14 0 9 17 12 0 6 7 21 29 25 0 3 24 23 27 30 1 0 32 28 13 0 18 19 15 8 4 22 31
Vehicle #0 : 0 (40) 16 (96) 26 (33) 5 (27) 2 (60) 10 (60) 20 (60) 11 (33) 14 (14) 0
Vehicle #1 : 0 (72) 9 (62) 17 (26) 12 (35) 0
Vehicle #2 : 0 (31) 6 (6) 7 (49) 21 (60) 29 (74) 25 (21) 0
Vehicle #3 : 0 (61) 3 (50) 24 (14) 23 (71) 27 (11) 30 (63) 1 (26) 0
Vehicle #4 : 0 (9) 32 (11) 28 (34) 13 (28) 0
Vehicle #5 : 0 (30) 18 (12) 19 (29) 15 (22) 8 (6) 4 (16) 22 (51) 31 (31) 0
 Total length : 1434.63

Summary:
Average length: 1537.17 (+107.17%)
Minimal length: 1262.28 (+70.12%)


R=50

Called function with 1 Block:

Attempt #0 ||
Raw data:
0 25 12 0 24 31 10 28 27 8 1 0 3 18 4 15 2 26 0 17 14 30 21 0 6 11 19 9 20 32 0 22 23 29 7 5 13 16
Vehicle #0 : 0 (21) 25 (27) 12 (35) 0
Vehicle #1 : 0 (42) 24 (28) 31 (44) 10 (15) 28 (31) 27 (91) 8 (36) 1 (26) 0
Vehicle #2 : 0 (61) 3 (38) 18 (40) 4 (27) 15 (4) 2 (40) 26 (58) 0
Vehicle #3 : 0 (25) 17 (13) 14 (49) 30 (29) 21 (23) 0
Vehicle #4 : 0 (31) 6 (36) 11 (36) 19 (36) 9 (11) 20 (62) 32 (9) 0
Vehicle #5 : 0 (49) 22 (36) 23 (113) 29 (51) 7 (13) 5 (9) 13 (67) 16 (40) 0
 Total length : 1404.71

Attempt #1 ||
Raw data:
0 30 29 6 11 0 21 2 20 16 5 1 0 13 9 22 24 25 0 4 17 12 0 15 31 28 14 32 8 0 27 23 26 3 19 7 18 10
Vehicle #0 : 0 (38) 30 (89) 29 (49) 6 (36) 11 (43) 0
Vehicle #1 : 0 (23) 21 (74) 2 (6) 20 (99) 16 (74) 5 (14) 1 (26) 0
Vehicle #2 : 0 (28) 13 (44) 9 (44) 22 (27) 24 (60) 25 (21) 0
Vehicle #3 : 0 (59) 4 (60) 17 (26) 12 (35) 0
Vehicle #4 : 0 (65) 15 (81) 31 (29) 28 (19) 14 (13) 32 (61) 8 (57) 0
Vehicle #5 : 0 (36) 27 (71) 23 (35) 26 (27) 3 (36) 19 (9) 7 (7) 18 (28) 10 (13) 0
 Total length : 1563.69

Attempt #2 ||
Raw data:
0 3 26 9 21 28 0 20 31 6 15 2 29 32 0 23 19 18 13 24 0 12 22 0 30 25 11 1 7 0 10 17 14 5 8 4 16 27
Vehicle #0 : 0 (61) 3 (27) 26 (47) 9 (84) 21 (22) 28 (6) 0
Vehicle #1 : 0 (62) 20 (80) 31 (55) 6 (35) 15 (4) 2 (62) 29 (61) 32 (9) 0
Vehicle #2 : 0 (55) 23 (73) 19 (12) 18 (7) 13 (42) 24 (42) 0
Vehicle #3 : 0 (35) 12 (80) 22 (49) 0
Vehicle #4 : 0 (38) 30 (17) 25 (45) 11 (38) 1 (10) 7 (37) 0
Vehicle #5 : 0 (13) 10 (14) 17 (13) 14 (26) 5 (23) 8 (6) 4 (99) 16 (17) 27 (36) 0
 Total length : 1445.14

Attempt #3 ||
Raw data:
0 28 24 20 3 22 11 0 8 9 4 26 18 0 13 32 5 27 14 0 23 21 1 2 17 0 12 29 10 0 19 7 6 15 31 16 30 25
Vehicle #0 : 0 (6) 28 (44) 24 (65) 20 (21) 3 (24) 22 (75) 11 (43) 0
Vehicle #1 : 0 (57) 8 (26) 9 (31) 4 (17) 26 (47) 18 (30) 0
Vehicle #2 : 0 (28) 13 (30) 32 (38) 5 (70) 27 (49) 14 (14) 0
Vehicle #3 : 0 (55) 23 (78) 21 (39) 1 (35) 2 (52) 17 (25) 0
Vehicle #4 : 0 (35) 12 (52) 29 (57) 10 (13) 0
Vehicle #5 : 0 (41) 19 (9) 7 (6) 6 (35) 15 (81) 31 (50) 16 (6) 30 (17) 25 (21) 0
 Total length : 1424.72

Attempt #4 ||
Raw data:
0 32 8 4 3 19 5 0 14 13 28 21 23 0 10 24 25 1 30 16 0 2 7 18 6 26 0 27 29 31 11 17 15 20 0 12 9 22
Vehicle #0 : 0 (9) 32 (61) 8 (6) 4 (10) 3 (36) 19 (21) 5 (35) 0
Vehicle #1 : 0 (14) 14 (17) 13 (34) 28 (22) 21 (78) 23 (55) 0
Vehicle #2 : 0 (13) 10 (54) 24 (60) 25 (45) 1 (63) 30 (6) 16 (40) 0
Vehicle #3 : 0 (61) 2 (26) 7 (7) 18 (1) 6 (47) 26 (58) 0
Vehicle #4 : 0 (36) 27 (95) 29 (99) 31 (74) 11 (20) 17 (55) 15 (5) 20 (62) 0
Vehicle #5 : 0 (35) 12 (87) 9 (44) 22 (49) 0
 Total length : 1540.75

Attempt #5 ||
Raw data:
0 24 23 18 13 0 12 5 3 10 0 2 27 11 28 4 20 0 31 32 14 19 29 22 0 21 16 26 17 1 0 8 15 9 6 7 25 30
Vehicle #0 : 0 (42) 24 (14) 23 (63) 18 (7) 13 (28) 0
Vehicle #1 : 0 (35) 12 (59) 5 (27) 3 (64) 10 (13) 0
Vehicle #2 : 0 (61) 2 (97) 27 (66) 11 (46) 28 (64) 4 (30) 20 (62) 0
Vehicle #3 : 0 (31) 31 (40) 32 (13) 14 (28) 19 (42) 29 (86) 22 (49) 0
Vehicle #4 : 0 (23) 21 (28) 16 (96) 26 (66) 17 (20) 1 (26) 0
Vehicle #5 : 0 (57) 8 (22) 15 (7) 9 (42) 6 (6) 7 (55) 25 (17) 30 (38) 0
 Total length : 1572.05

Attempt #6 ||
Raw data:
0 26 5 15 4 23 2 17 0 10 29 31 6 13 24 27 16 0 30 21 32 25 0 8 12 0 7 20 11 1 28 0 9 3 19 18 22 14
Vehicle #0 : 0 (58) 26 (33) 5 (31) 15 (27) 4 (51) 23 (72) 2 (52) 17 (25) 0
Vehicle #1 : 0 (13) 10 (57) 29 (99) 31 (55) 6 (8) 13 (42) 24 (63) 27 (17) 16 (40) 0
Vehicle #2 : 0 (38) 30 (29) 21 (15) 32 (19) 25 (21) 0
Vehicle #3 : 0 (57) 8 (81) 12 (35) 0
Vehicle #4 : 0 (37) 7 (26) 20 (60) 11 (38) 1 (32) 28 (6) 0
Vehicle #5 : 0 (72) 9 (21) 3 (36) 19 (12) 18 (38) 22 (46) 14 (14) 0
 Total length : 1473.83

Attempt #7 ||
Raw data:
0 17 18 10 1 24 4 0 9 8 14 28 16 23 0 5 11 30 6 19 20 0 13 22 26 32 0 31 27 7 3 15 2 29 25 0 12 21
Vehicle #0 : 0 (25) 17 (21) 18 (28) 10 (25) 1 (46) 24 (42) 4 (59) 0
Vehicle #1 : 0 (72) 9 (26) 8 (49) 14 (19) 28 (34) 16 (84) 23 (55) 0
Vehicle #2 : 0 (35) 5 (51) 11 (60) 30 (67) 6 (11) 19 (25) 20 (62) 0
Vehicle #3 : 0 (28) 13 (32) 22 (9) 26 (65) 32 (9) 0
Vehicle #4 : 0 (31) 31 (36) 27 (73) 7 (32) 3 (17) 15 (4) 2 (62) 29 (74) 25 (21) 0
Vehicle #5 : 0 (35) 12 (13) 21 (23) 0
 Total length : 1461.91

Attempt #8 ||
Raw data:
0 11 19 20 8 23 17 0 5 9 31 18 15 29 14 10 0 22 12 27 0 7 21 1 4 3 0 2 24 32 28 0 26 6 13 30 16 25
Vehicle #0 : 0 (43) 11 (36) 19 (25) 20 (24) 8 (54) 23 (74) 17 (25) 0
Vehicle #1 : 0 (35) 5 (38) 9 (88) 31 (54) 18 (36) 15 (62) 29 (56) 14 (11) 10 (13) 0
Vehicle #2 : 0 (49) 22 (80) 12 (46) 27 (36) 0
Vehicle #3 : 0 (37) 7 (49) 21 (39) 1 (40) 4 (10) 3 (61) 0
Vehicle #4 : 0 (61) 2 (60) 24 (52) 32 (11) 28 (6) 0
Vehicle #5 : 0 (58) 26 (47) 6 (8) 13 (65) 30 (6) 16 (18) 25 (21) 0
 Total length : 1536.84

Attempt #9 ||
Raw data:
0 28 1 22 29 27 0 17 11 19 6 14 0 12 16 32 0 3 8 2 13 30 0 25 18 7 5 26 31 24 0 20 9 23 4 15 21 10
Vehicle #0 : 0 (6) 28 (32) 1 (37) 22 (86) 29 (95) 27 (36) 0
Vehicle #1 : 0 (25) 17 (20) 11 (36) 19 (11) 6 (18) 14 (14) 0
Vehicle #2 : 0 (35) 12 (35) 16 (37) 32 (9) 0
Vehicle #3 : 0 (61) 3 (6) 8 (19) 2 (33) 13 (65) 30 (38) 0
Vehicle #4 : 0 (21) 25 (48) 18 (7) 7 (13) 5 (33) 26 (56) 31 (28) 24 (42) 0
Vehicle #5 : 0 (62) 20 (11) 9 (81) 23 (51) 4 (27) 15 (77) 21 (15) 10 (13) 0
 Total length : 1340.40

Summary:
Average length: 1476.40 (+98.98%)
Minimal length: 1340.40 (+80.65%)


16384 thread



R=10

Called function with 16 Blocks:

Attempt #0 ||
Raw data:
0 1 26 22 4 16 5 0 19 7 32 21 0 10 25 27 17 8 20 2 9 0 30 23 31 18 13 28 0 12 29 6 0 14 24 15 3 11
Vehicle #0 : 0 (26) 1 (46) 26 (9) 22 (16) 4 (99) 16 (74) 5 (35) 0
Vehicle #1 : 0 (41) 19 (9) 7 (37) 32 (15) 21 (23) 0
Vehicle #2 : 0 (13) 10 (21) 25 (21) 27 (55) 17 (56) 8 (24) 20 (6) 2 (11) 9 (72) 0
Vehicle #3 : 0 (38) 30 (79) 23 (34) 31 (54) 18 (7) 13 (34) 28 (6) 0
Vehicle #4 : 0 (35) 12 (52) 29 (49) 6 (31) 0
Vehicle #5 : 0 (14) 14 (47) 24 (64) 15 (17) 3 (72) 11 (43) 0
 Total length : 1386.52

Attempt #1 ||
Raw data:
0 24 8 4 9 19 0 13 18 14 27 28 0 21 1 26 32 0 12 30 0 11 29 17 7 0 10 6 5 20 15 2 3 22 23 31 16 25
Vehicle #0 : 0 (42) 24 (44) 8 (6) 4 (31) 9 (36) 19 (41) 0
Vehicle #1 : 0 (28) 13 (7) 18 (17) 14 (49) 27 (31) 28 (6) 0
Vehicle #2 : 0 (23) 21 (39) 1 (46) 26 (65) 32 (9) 0
Vehicle #3 : 0 (35) 12 (38) 30 (38) 0
Vehicle #4 : 0 (43) 11 (29) 29 (44) 17 (27) 7 (37) 0
Vehicle #5 : 0 (13) 10 (28) 6 (15) 5 (30) 20 (5) 15 (4) 2 (15) 3 (24) 22 (36) 23 (34) 31 (50) 16 (18) 25 (21) 0
 Total length : 1106.06

Attempt #2 ||
Raw data:
0 3 20 5 12 0 11 17 4 2 6 32 0 26 16 25 30 10 21 0 13 8 14 18 29 0 27 19 22 1 0 28 31 24 23 9 15 7
Vehicle #0 : 0 (61) 3 (21) 20 (30) 5 (59) 12 (35) 0
Vehicle #1 : 0 (43) 11 (20) 17 (60) 4 (24) 2 (32) 6 (31) 32 (9) 0
Vehicle #2 : 0 (58) 26 (96) 16 (18) 25 (17) 30 (39) 10 (15) 21 (23) 0
Vehicle #3 : 0 (28) 13 (32) 8 (49) 14 (17) 18 (50) 29 (68) 0
Vehicle #4 : 0 (36) 27 (77) 19 (44) 22 (37) 1 (26) 0
Vehicle #5 : 0 (6) 28 (29) 31 (28) 24 (14) 23 (81) 9 (7) 15 (29) 7 (37) 0
 Total length : 1388.25

Attempt #3 ||
Raw data:
0 6 20 17 11 7 14 0 12 16 28 0 4 31 5 22 27 30 0 2 1 19 24 23 0 18 21 32 29 25 10 0 26 13 8 3 15 9
Vehicle #0 : 0 (31) 6 (32) 20 (51) 17 (20) 11 (41) 7 (24) 14 (14) 0
Vehicle #1 : 0 (35) 12 (35) 16 (34) 28 (6) 0
Vehicle #2 : 0 (59) 4 (66) 31 (51) 5 (24) 22 (80) 27 (11) 30 (38) 0
Vehicle #3 : 0 (61) 2 (35) 1 (16) 19 (59) 24 (14) 23 (55) 0
Vehicle #4 : 0 (30) 18 (42) 21 (15) 32 (61) 29 (74) 25 (21) 10 (13) 0
Vehicle #5 : 0 (58) 26 (41) 13 (32) 8 (6) 3 (17) 15 (7) 9 (72) 0
 Total length : 1381.22

Attempt #4 ||
Raw data:
0 32 16 30 31 14 4 0 8 15 9 6 17 19 0 7 13 20 26 18 25 0 11 29 1 2 3 0 5 28 12 10 0 21 27 23 24 22
Vehicle #0 : 0 (9) 32 (37) 16 (6) 30 (45) 31 (43) 14 (52) 4 (59) 0
Vehicle #1 : 0 (57) 8 (22) 15 (7) 9 (42) 6 (21) 17 (26) 19 (41) 0
Vehicle #2 : 0 (37) 7 (10) 13 (34) 20 (46) 26 (47) 18 (48) 25 (21) 0
Vehicle #3 : 0 (43) 11 (29) 29 (53) 1 (35) 2 (15) 3 (61) 0
Vehicle #4 : 0 (35) 5 (40) 28 (35) 12 (24) 10 (13) 0
Vehicle #5 : 0 (23) 21 (35) 27 (71) 23 (14) 24 (27) 22 (49) 0
 Total length : 1315.03

Attempt #5 ||
Raw data:
0 20 19 13 7 5 18 0 21 11 27 30 16 0 3 26 9 2 15 29 0 12 25 28 0 1 32 14 0 31 24 23 22 8 4 6 17 10
Vehicle #0 : 0 (62) 20 (25) 19 (18) 13 (10) 7 (13) 5 (15) 18 (30) 0
Vehicle #1 : 0 (23) 21 (31) 11 (66) 27 (11) 30 (6) 16 (40) 0
Vehicle #2 : 0 (61) 3 (27) 26 (47) 9 (11) 2 (4) 15 (62) 29 (68) 0
Vehicle #3 : 0 (35) 12 (27) 25 (17) 28 (6) 0
Vehicle #4 : 0 (26) 1 (27) 32 (13) 14 (14) 0
Vehicle #5 : 0 (31) 31 (28) 24 (14) 23 (36) 22 (18) 8 (6) 4 (40) 6 (21) 17 (14) 10 (13) 0
 Total length : 1015.64

Attempt #6 ||
Raw data:
0 1 27 7 5 30 16 0 10 15 23 22 29 13 17 0 19 31 24 4 20 6 11 0 25 21 32 28 0 18 3 8 9 2 26 0 14 12
Vehicle #0 : 0 (26) 1 (63) 27 (73) 7 (13) 5 (72) 30 (6) 16 (40) 0
Vehicle #1 : 0 (13) 10 (64) 15 (75) 23 (36) 22 (86) 29 (57) 13 (25) 17 (25) 0
Vehicle #2 : 0 (41) 19 (66) 31 (28) 24 (42) 4 (30) 20 (32) 6 (36) 11 (43) 0
Vehicle #3 : 0 (21) 25 (15) 21 (15) 32 (11) 28 (6) 0
Vehicle #4 : 0 (30) 18 (38) 3 (6) 8 (26) 9 (11) 2 (40) 26 (58) 0
Vehicle #5 : 0 (14) 14 (34) 12 (35) 0
 Total length : 1354.15

Attempt #7 ||
Raw data:
0 32 11 9 8 0 30 21 16 27 31 23 28 0 3 25 13 18 14 4 20 0 12 2 17 0 15 5 26 22 24 0 10 29 19 7 6 1
Vehicle #0 : 0 (9) 32 (34) 11 (70) 9 (26) 8 (57) 0
Vehicle #1 : 0 (38) 30 (29) 21 (28) 16 (17) 27 (36) 31 (34) 23 (56) 28 (6) 0
Vehicle #2 : 0 (61) 3 (82) 25 (48) 13 (7) 18 (17) 14 (52) 4 (30) 20 (62) 0
Vehicle #3 : 0 (35) 12 (78) 2 (52) 17 (25) 0
Vehicle #4 : 0 (65) 15 (31) 5 (33) 26 (9) 22 (27) 24 (42) 0
Vehicle #5 : 0 (13) 10 (57) 29 (42) 19 (9) 7 (6) 6 (5) 1 (26) 0
 Total length : 1356.79

Attempt #8 ||
Raw data:
0 20 8 9 14 2 18 0 12 10 6 29 0 17 32 28 26 7 0 24 23 3 4 15 19 5 0 1 11 16 21 22 0 31 27 30 25 13
Vehicle #0 : 0 (62) 20 (24) 8 (26) 9 (60) 14 (49) 2 (33) 18 (30) 0
Vehicle #1 : 0 (35) 12 (24) 10 (28) 6 (49) 29 (68) 0
Vehicle #2 : 0 (25) 17 (18) 32 (11) 28 (62) 26 (44) 7 (37) 0
Vehicle #3 : 0 (42) 24 (14) 23 (60) 3 (10) 4 (27) 15 (29) 19 (21) 5 (35) 0
Vehicle #4 : 0 (26) 1 (38) 11 (58) 16 (28) 21 (71) 22 (49) 0
Vehicle #5 : 0 (31) 31 (36) 27 (11) 30 (17) 25 (48) 13 (28) 0
 Total length : 1368.00

Attempt #9 ||
Raw data:
0 16 12 32 0 23 11 20 2 18 19 0 1 15 3 4 8 24 31 0 22 9 27 14 25 30 0 21 10 26 17 0 5 13 6 7 29 28
Vehicle #0 : 0 (40) 16 (35) 12 (26) 32 (9) 0
Vehicle #1 : 0 (55) 23 (94) 11 (60) 20 (6) 2 (33) 18 (12) 19 (41) 0
Vehicle #2 : 0 (26) 1 (39) 15 (17) 3 (10) 4 (6) 8 (44) 24 (28) 31 (31) 0
Vehicle #3 : 0 (49) 22 (44) 9 (108) 27 (49) 14 (31) 25 (17) 30 (38) 0
Vehicle #4 : 0 (23) 21 (15) 10 (65) 26 (66) 17 (25) 0
Vehicle #5 : 0 (35) 5 (9) 13 (8) 6 (6) 7 (51) 29 (72) 28 (6) 0
 Total length : 1330.98

Summary:
Average length: 1300.26 (+75.24%)
Minimal length: 1015.64 (+36.88%)


R=30

Called function with 16 Blocks:

Attempt #0 ||
Raw data:
0 29 6 30 16 2 32 0 24 9 15 22 4 31 0 27 18 17 20 8 26 5 0 25 28 13 14 21 10 0 12 1 0 11 19 23 7 3
Vehicle #0 : 0 (68) 29 (49) 6 (67) 30 (6) 16 (99) 2 (62) 32 (9) 0
Vehicle #1 : 0 (42) 24 (70) 9 (7) 15 (39) 22 (16) 4 (66) 31 (31) 0
Vehicle #2 : 0 (36) 27 (66) 18 (21) 17 (51) 20 (24) 8 (21) 26 (33) 5 (35) 0
Vehicle #3 : 0 (21) 25 (17) 28 (34) 13 (17) 14 (26) 21 (15) 10 (13) 0
Vehicle #4 : 0 (35) 12 (45) 1 (26) 0
Vehicle #5 : 0 (43) 11 (36) 19 (73) 23 (64) 7 (32) 3 (61) 0
 Total length : 1478.78

Attempt #1 ||
Raw data:
0 29 23 24 22 6 10 7 3 0 31 32 17 21 14 0 18 11 25 27 4 26 0 19 1 30 0 8 9 12 0 28 5 15 20 2 13 16
Vehicle #0 : 0 (68) 29 (113) 23 (14) 24 (27) 22 (39) 6 (28) 10 (35) 7 (32) 3 (61) 0
Vehicle #1 : 0 (31) 31 (40) 32 (18) 17 (24) 21 (26) 14 (14) 0
Vehicle #2 : 0 (30) 18 (37) 11 (45) 25 (21) 27 (93) 4 (17) 26 (58) 0
Vehicle #3 : 0 (41) 19 (16) 1 (63) 30 (38) 0
Vehicle #4 : 0 (57) 8 (26) 9 (87) 12 (35) 0
Vehicle #5 : 0 (6) 28 (40) 5 (31) 15 (5) 20 (6) 2 (33) 13 (67) 16 (40) 0
 Total length : 1460.31

Attempt #2 ||
Raw data:
0 21 24 9 6 18 0 26 13 14 7 19 0 32 16 5 3 8 2 20 10 0 29 31 28 25 1 0 23 4 11 15 22 27 17 0 30 12
Vehicle #0 : 0 (23) 21 (66) 24 (70) 9 (42) 6 (1) 18 (30) 0
Vehicle #1 : 0 (58) 26 (41) 13 (17) 14 (24) 7 (9) 19 (41) 0
Vehicle #2 : 0 (9) 32 (37) 16 (74) 5 (27) 3 (6) 8 (19) 2 (6) 20 (60) 10 (13) 0
Vehicle #3 : 0 (68) 29 (99) 31 (29) 28 (17) 25 (45) 1 (26) 0
Vehicle #4 : 0 (55) 23 (51) 4 (76) 11 (65) 15 (39) 22 (80) 27 (55) 17 (25) 0
Vehicle #5 : 0 (38) 30 (38) 12 (35) 0
 Total length : 1515.79

Attempt #3 ||
Raw data:
0 20 9 15 2 18 17 0 19 32 28 21 0 4 22 3 14 11 30 0 5 29 31 7 6 13 0 10 1 12 0 23 26 24 8 16 25 27
Vehicle #0 : 0 (62) 20 (11) 9 (7) 15 (4) 2 (33) 18 (21) 17 (25) 0
Vehicle #1 : 0 (41) 19 (40) 32 (11) 28 (22) 21 (23) 0
Vehicle #2 : 0 (59) 4 (16) 22 (24) 3 (52) 14 (33) 11 (60) 30 (38) 0
Vehicle #3 : 0 (35) 5 (63) 29 (99) 31 (59) 7 (6) 6 (8) 13 (28) 0
Vehicle #4 : 0 (13) 10 (25) 1 (45) 12 (35) 0
Vehicle #5 : 0 (55) 23 (35) 26 (29) 24 (44) 8 (96) 16 (18) 25 (21) 27 (36) 0
 Total length : 1334.48

Attempt #4 ||
Raw data:
0 2 18 19 14 11 6 0 23 22 24 31 30 9 20 0 1 3 4 17 29 0 21 32 25 13 0 12 16 28 0 15 8 26 7 5 27 10
Vehicle #0 : 0 (61) 2 (33) 18 (12) 19 (28) 14 (33) 11 (36) 6 (31) 0
Vehicle #1 : 0 (55) 23 (36) 22 (27) 24 (28) 31 (45) 30 (109) 9 (11) 20 (62) 0
Vehicle #2 : 0 (26) 1 (39) 3 (10) 4 (60) 17 (44) 29 (68) 0
Vehicle #3 : 0 (23) 21 (15) 32 (19) 25 (48) 13 (28) 0
Vehicle #4 : 0 (35) 12 (35) 16 (34) 28 (6) 0
Vehicle #5 : 0 (65) 15 (22) 8 (21) 26 (44) 7 (13) 5 (70) 27 (41) 10 (13) 0
 Total length : 1388.04

Attempt #5 ||
Raw data:
0 27 12 29 0 1 10 20 24 23 5 11 0 9 19 15 2 0 28 30 3 25 13 6 0 21 17 8 26 22 31 0 18 7 4 14 16 32
Vehicle #0 : 0 (36) 27 (46) 12 (52) 29 (68) 0
Vehicle #1 : 0 (26) 1 (25) 10 (60) 20 (65) 24 (14) 23 (52) 5 (51) 11 (43) 0
Vehicle #2 : 0 (72) 9 (36) 19 (29) 15 (4) 2 (61) 0
Vehicle #3 : 0 (6) 28 (32) 30 (99) 3 (82) 25 (48) 13 (8) 6 (31) 0
Vehicle #4 : 0 (23) 21 (24) 17 (56) 8 (21) 26 (9) 22 (51) 31 (31) 0
Vehicle #5 : 0 (30) 18 (7) 7 (35) 4 (52) 14 (50) 16 (37) 32 (9) 0
 Total length : 1481.86

Attempt #6 ||
Raw data:
0 17 28 29 9 0 26 1 2 7 6 0 23 22 24 18 19 14 0 15 11 27 10 30 5 25 0 32 31 13 20 3 8 4 0 12 16 21
Vehicle #0 : 0 (25) 17 (29) 28 (72) 29 (65) 9 (72) 0
Vehicle #1 : 0 (58) 26 (46) 1 (35) 2 (26) 7 (6) 6 (31) 0
Vehicle #2 : 0 (55) 23 (36) 22 (27) 24 (49) 18 (12) 19 (28) 14 (14) 0
Vehicle #3 : 0 (65) 15 (65) 11 (66) 27 (41) 10 (39) 30 (72) 5 (56) 25 (21) 0
Vehicle #4 : 0 (9) 32 (40) 31 (49) 13 (34) 20 (21) 3 (6) 8 (6) 4 (59) 0
Vehicle #5 : 0 (35) 12 (35) 16 (28) 21 (23) 0
 Total length : 1456.31

Attempt #7 ||
Raw data:
0 18 24 10 17 28 32 0 12 9 3 15 0 20 26 4 2 7 6 14 0 1 22 23 8 13 5 0 19 25 29 11 0 31 27 30 16 21
Vehicle #0 : 0 (30) 18 (49) 24 (54) 10 (14) 17 (29) 28 (11) 32 (9) 0
Vehicle #1 : 0 (35) 12 (87) 9 (21) 3 (17) 15 (65) 0
Vehicle #2 : 0 (62) 20 (46) 26 (17) 4 (24) 2 (26) 7 (6) 6 (18) 14 (14) 0
Vehicle #3 : 0 (26) 1 (37) 22 (36) 23 (54) 8 (32) 13 (9) 5 (35) 0
Vehicle #4 : 0 (41) 19 (58) 25 (74) 29 (29) 11 (43) 0
Vehicle #5 : 0 (31) 31 (36) 27 (11) 30 (6) 16 (28) 21 (23) 0
 Total length : 1245.01

Attempt #8 ||
Raw data:
0 24 14 3 32 28 25 0 23 16 21 29 11 0 15 22 4 2 20 6 0 17 31 27 30 26 19 0 12 9 7 0 13 1 5 18 8 10
Vehicle #0 : 0 (42) 24 (47) 14 (52) 3 (65) 32 (11) 28 (17) 25 (21) 0
Vehicle #1 : 0 (55) 23 (84) 16 (28) 21 (60) 29 (29) 11 (43) 0
Vehicle #2 : 0 (65) 15 (39) 22 (16) 4 (24) 2 (6) 20 (32) 6 (31) 0
Vehicle #3 : 0 (25) 17 (55) 31 (36) 27 (11) 30 (93) 26 (52) 19 (41) 0
Vehicle #4 : 0 (35) 12 (87) 9 (36) 7 (37) 0
Vehicle #5 : 0 (28) 13 (5) 1 (14) 5 (15) 18 (35) 8 (60) 10 (13) 0
 Total length : 1445.84

Attempt #9 ||
Raw data:
0 21 27 16 25 11 29 0 30 12 0 26 15 5 9 1 18 0 6 3 7 32 10 14 0 17 19 4 23 20 13 0 28 31 24 8 2 22
Vehicle #0 : 0 (23) 21 (35) 27 (17) 16 (18) 25 (45) 11 (29) 29 (68) 0
Vehicle #1 : 0 (38) 30 (38) 12 (35) 0
Vehicle #2 : 0 (58) 26 (43) 15 (31) 5 (38) 9 (46) 1 (4) 18 (30) 0
Vehicle #3 : 0 (31) 6 (37) 3 (32) 7 (37) 32 (4) 10 (11) 14 (14) 0
Vehicle #4 : 0 (25) 17 (26) 19 (41) 4 (51) 23 (76) 20 (34) 13 (28) 0
Vehicle #5 : 0 (6) 28 (29) 31 (28) 24 (44) 8 (19) 2 (36) 22 (49) 0
 Total length : 1258.03

Summary:
Average length: 1406.45 (+89.55%)
Minimal length: 1245.01 (+67.79%)


R=50

Called function with 16 Blocks:

Attempt #0 ||
Raw data:
0 3 8 32 30 17 0 14 18 2 22 5 7 6 0 12 21 0 11 29 4 9 23 0 28 26 1 13 16 0 25 31 27 24 19 15 20 10
Vehicle #0 : 0 (61) 3 (6) 8 (61) 32 (36) 30 (52) 17 (25) 0
Vehicle #1 : 0 (14) 14 (17) 18 (33) 2 (36) 22 (24) 5 (13) 7 (6) 6 (31) 0
Vehicle #2 : 0 (35) 12 (13) 21 (23) 0
Vehicle #3 : 0 (43) 11 (29) 29 (82) 4 (31) 9 (81) 23 (55) 0
Vehicle #4 : 0 (6) 28 (62) 26 (46) 1 (5) 13 (67) 16 (40) 0
Vehicle #5 : 0 (21) 25 (39) 31 (36) 27 (63) 24 (59) 19 (29) 15 (5) 20 (60) 10 (13) 0
 Total length : 1358.76

Attempt #1 ||
Raw data:
0 27 23 24 29 20 9 0 10 6 8 3 4 15 2 30 0 28 1 5 22 26 0 25 18 19 32 21 0 13 17 31 16 11 0 12 14 7
Vehicle #0 : 0 (36) 27 (71) 23 (14) 24 (99) 29 (57) 20 (11) 9 (72) 0
Vehicle #1 : 0 (13) 10 (28) 6 (35) 8 (6) 3 (10) 4 (27) 15 (4) 2 (98) 30 (38) 0
Vehicle #2 : 0 (6) 28 (32) 1 (14) 5 (24) 22 (9) 26 (58) 0
Vehicle #3 : 0 (21) 25 (48) 18 (12) 19 (40) 32 (15) 21 (23) 0
Vehicle #4 : 0 (28) 13 (25) 17 (55) 31 (50) 16 (58) 11 (43) 0
Vehicle #5 : 0 (35) 12 (34) 14 (24) 7 (37) 0
 Total length : 1311.04

Attempt #2 ||
Raw data:
0 5 19 6 4 26 24 31 0 16 30 23 20 9 2 22 0 27 25 12 0 17 11 29 32 0 7 18 15 3 8 13 0 28 21 10 14 1
Vehicle #0 : 0 (35) 5 (21) 19 (11) 6 (40) 4 (17) 26 (29) 24 (28) 31 (31) 0
Vehicle #1 : 0 (40) 16 (6) 30 (79) 23 (76) 20 (11) 9 (11) 2 (36) 22 (49) 0
Vehicle #2 : 0 (36) 27 (21) 25 (27) 12 (35) 0
Vehicle #3 : 0 (25) 17 (20) 11 (29) 29 (61) 32 (9) 0
Vehicle #4 : 0 (37) 7 (7) 18 (36) 15 (17) 3 (6) 8 (32) 13 (28) 0
Vehicle #5 : 0 (6) 28 (22) 21 (15) 10 (11) 14 (14) 1 (26) 0
 Total length : 1041.40

Attempt #3 ||
Raw data:
0 4 2 11 6 19 7 0 21 14 20 15 3 22 23 0 17 25 27 26 29 9 0 24 13 5 18 0 12 1 0 31 28 16 30 32 10 8
Vehicle #0 : 0 (59) 4 (24) 2 (63) 11 (36) 6 (11) 19 (9) 7 (37) 0
Vehicle #1 : 0 (23) 21 (26) 14 (50) 20 (5) 15 (17) 3 (24) 22 (36) 23 (55) 0
Vehicle #2 : 0 (25) 17 (34) 25 (21) 27 (87) 26 (94) 29 (65) 9 (72) 0
Vehicle #3 : 0 (42) 24 (42) 13 (9) 5 (15) 18 (30) 0
Vehicle #4 : 0 (35) 12 (45) 1 (26) 0
Vehicle #5 : 0 (31) 31 (29) 28 (34) 16 (6) 30 (36) 32 (4) 10 (60) 8 (57) 0
 Total length : 1377.26

Attempt #4 ||
Raw data:
0 23 4 3 26 24 1 0 28 17 16 21 29 0 32 6 12 0 10 25 2 18 8 27 15 7 0 30 5 9 13 0 14 11 20 19 22 31
Vehicle #0 : 0 (55) 23 (51) 4 (10) 3 (27) 26 (29) 24 (46) 1 (26) 0
Vehicle #1 : 0 (6) 28 (29) 17 (51) 16 (28) 21 (60) 29 (68) 0
Vehicle #2 : 0 (9) 32 (31) 6 (47) 12 (35) 0
Vehicle #3 : 0 (13) 10 (21) 25 (81) 2 (33) 18 (35) 8 (91) 27 (101) 15 (29) 7 (37) 0
Vehicle #4 : 0 (38) 30 (72) 5 (38) 9 (44) 13 (28) 0
Vehicle #5 : 0 (14) 14 (33) 11 (60) 20 (25) 19 (44) 22 (51) 31 (31) 0
 Total length : 1526.63

Attempt #5 ||
Raw data:
0 30 12 0 32 16 27 28 5 13 0 25 21 10 7 3 23 24 31 0 4 26 19 8 22 0 1 29 11 17 0 18 6 2 9 20 15 14
Vehicle #0 : 0 (38) 30 (38) 12 (35) 0
Vehicle #1 : 0 (9) 32 (37) 16 (17) 27 (31) 28 (40) 5 (9) 13 (28) 0
Vehicle #2 : 0 (21) 25 (15) 21 (15) 10 (35) 7 (32) 3 (60) 23 (14) 24 (28) 31 (31) 0
Vehicle #3 : 0 (59) 4 (17) 26 (52) 19 (36) 8 (18) 22 (49) 0
Vehicle #4 : 0 (26) 1 (53) 29 (29) 11 (20) 17 (25) 0
Vehicle #5 : 0 (30) 18 (1) 6 (32) 2 (11) 9 (11) 20 (5) 15 (53) 14 (14) 0
 Total length : 1074.32

Attempt #6 ||
Raw data:
0 16 21 14 26 32 0 17 18 1 25 28 0 10 31 27 30 15 29 8 5 6 0 24 23 20 7 19 11 0 12 0 13 2 9 3 4 22
Vehicle #0 : 0 (40) 16 (28) 21 (26) 14 (55) 26 (65) 32 (9) 0
Vehicle #1 : 0 (25) 17 (21) 18 (4) 1 (45) 25 (17) 28 (6) 0
Vehicle #2 : 0 (13) 10 (44) 31 (36) 27 (11) 30 (102) 15 (62) 29 (77) 8 (23) 5 (15) 6 (31) 0
Vehicle #3 : 0 (42) 24 (14) 23 (76) 20 (26) 7 (9) 19 (36) 11 (43) 0
Vehicle #4 : 0 (35) 12 (35) 0
Vehicle #5 : 0 (28) 13 (33) 2 (11) 9 (21) 3 (10) 4 (16) 22 (49) 0
 Total length : 1237.22

Attempt #7 ||
Raw data:
0 17 21 7 32 11 0 29 22 19 8 15 0 4 13 26 3 1 0 16 12 28 0 25 30 27 31 24 23 0 10 14 20 18 6 5 2 9
Vehicle #0 : 0 (25) 17 (24) 21 (49) 7 (37) 32 (34) 11 (43) 0
Vehicle #1 : 0 (68) 29 (86) 22 (44) 19 (36) 8 (22) 15 (65) 0
Vehicle #2 : 0 (59) 4 (36) 13 (41) 26 (27) 3 (39) 1 (26) 0
Vehicle #3 : 0 (40) 16 (35) 12 (35) 28 (6) 0
Vehicle #4 : 0 (21) 25 (17) 30 (11) 27 (36) 31 (28) 24 (14) 23 (55) 0
Vehicle #5 : 0 (13) 10 (11) 14 (50) 20 (33) 18 (1) 6 (15) 5 (27) 2 (11) 9 (72) 0
 Total length : 1291.60

Attempt #8 ||
Raw data:
0 7 1 9 3 32 0 19 17 18 13 6 0 20 21 27 16 30 0 25 14 8 5 26 31 29 0 23 2 4 24 22 28 0 15 10 11 12
Vehicle #0 : 0 (37) 7 (10) 1 (46) 9 (21) 3 (65) 32 (9) 0
Vehicle #1 : 0 (41) 19 (26) 17 (21) 18 (7) 13 (8) 6 (31) 0
Vehicle #2 : 0 (62) 20 (74) 21 (35) 27 (17) 16 (6) 30 (38) 0
Vehicle #3 : 0 (21) 25 (31) 14 (49) 8 (23) 5 (33) 26 (56) 31 (99) 29 (68) 0
Vehicle #4 : 0 (55) 23 (72) 2 (24) 4 (42) 24 (27) 22 (54) 28 (6) 0
Vehicle #5 : 0 (65) 15 (64) 10 (31) 11 (23) 12 (35) 0
 Total length : 1430.41

Attempt #9 ||
Raw data:
0 28 32 20 21 16 0 25 27 12 0 2 5 26 23 11 30 0 4 13 15 9 1 0 3 22 24 14 19 0 29 18 31 17 8 6 7 10
Vehicle #0 : 0 (6) 28 (11) 32 (62) 20 (74) 21 (28) 16 (40) 0
Vehicle #1 : 0 (21) 25 (21) 27 (46) 12 (35) 0
Vehicle #2 : 0 (61) 2 (27) 5 (33) 26 (35) 23 (94) 11 (60) 30 (38) 0
Vehicle #3 : 0 (59) 4 (36) 13 (37) 15 (7) 9 (46) 1 (26) 0
Vehicle #4 : 0 (61) 3 (24) 22 (27) 24 (47) 14 (28) 19 (41) 0
Vehicle #5 : 0 (68) 29 (50) 18 (54) 31 (55) 17 (56) 8 (35) 6 (6) 7 (35) 10 (13) 0
 Total length : 1505.59

Summary:
Average length: 1315.42 (+77.28%)
Minimal length: 1041.40 (+40.35%)


20480 thread



R=10

Called function with 20 Blocks:

Attempt #0 ||
Raw data:
0 28 8 2 3 4 25 16 0 15 9 6 13 26 17 0 7 12 0 18 32 11 19 0 27 31 29 20 23 24 30 0 22 10 21 1 5 14
Vehicle #0 : 0 (6) 28 (62) 8 (19) 2 (15) 3 (10) 4 (81) 25 (18) 16 (40) 0
Vehicle #1 : 0 (65) 15 (7) 9 (42) 6 (8) 13 (41) 26 (66) 17 (25) 0
Vehicle #2 : 0 (37) 7 (53) 12 (35) 0
Vehicle #3 : 0 (30) 18 (30) 32 (34) 11 (36) 19 (41) 0
Vehicle #4 : 0 (36) 27 (36) 31 (99) 29 (57) 20 (76) 23 (14) 24 (70) 30 (38) 0
Vehicle #5 : 0 (49) 22 (56) 10 (15) 21 (39) 1 (14) 5 (26) 14 (14) 0
 Total length : 1442.01

Attempt #1 ||
Raw data:
0 25 11 29 19 10 18 0 27 21 32 13 2 0 28 24 22 26 23 0 12 16 30 31 0 14 17 1 5 0 8 4 3 9 15 20 7 6
Vehicle #0 : 0 (21) 25 (45) 11 (29) 29 (42) 19 (37) 10 (28) 18 (30) 0
Vehicle #1 : 0 (36) 27 (35) 21 (15) 32 (30) 13 (33) 2 (61) 0
Vehicle #2 : 0 (6) 28 (44) 24 (27) 22 (9) 26 (35) 23 (55) 0
Vehicle #3 : 0 (35) 12 (35) 16 (6) 30 (45) 31 (31) 0
