Opening file "att48.txt"!
Given block number : 20
Closing file!
Maximum number of vehicles: 4
Truck capacity : 15
Capacities: 0 1 1 1 1 1 1 1 1 1 1 1 1 1 1 1 1 1 1 1 1 1 1 1 1 1 1 1 1 1 1 1 1 1 1 1 1 1 1 1 1 1 1 1 1 1 1 1
Given Dist matrix:
0.00 2577.88 3105.93 1517.28 4177.34 1400.11 3931.81 3551.06 3140.17 2627.59 3206.64 1195.23 1769.95 532.08 418.80 2071.70 2443.85 4371.21 3400.27 4182.75 2018.11 1061.69 2165.04 902.92 2717.99 3863.07 4096.89 3634.70 1931.13 3747.25 3273.24 1447.11 2283.50 1163.61 4285.31 3282.12 4135.64 3085.99 966.63 1972.88 2284.91 2506.77 3934.42 3330.72 4311.56 2588.48 1283.35 1339.05
2577.88 0.00 4726.65 1204.35 6362.50 3656.99 3129.52 2413.52 562.30 462.08 5653.50 1712.36 1603.57 2367.20 2200.37 1289.45 1003.88 3832.69 2257.60 3418.90 2266.98 2956.02 719.96 1699.31 5278.16 6075.47 3464.68 2653.68 3624.65 3114.92 1573.16 3950.07 1747.36 2141.24 6754.23 2382.11 3305.90 1028.90 3529.29 824.31 2187.00 4819.40 3488.99 1946.90 6834.32 1541.73 2378.53 3743.08
3105.93 4726.65 0.00 3587.42 2011.66 1841.40 6976.77 6500.00 5186.87 5027.71 2326.84 4147.82 4722.74 3634.92 3124.14 4906.11 3929.65 7462.79 6337.10 7242.33 5104.56 4042.94 4021.37 3676.24 2862.59 1849.16 7172.88 6629.00 1203.18 6813.09 6000.59 3446.91 5252.22 2655.55 3122.58 6273.40 7182.76 5621.92 3084.11 4563.01 2755.07 1590.90 7026.70 6185.68 3471.21 5460.75 4389.06 2087.28
1517.28 1204.35 3587.42 0.00 5162.03 2457.87 3677.40 3070.36 1742.00 1443.59 4461.99 1183.62 1519.96 1497.16 1102.74 1500.86 950.24 4297.46 2902.44 3966.38 2168.79 2208.90 651.64 827.12 4135.80 4872.96 3953.06 3253.06 2445.98 3580.28 2440.56 2959.63 1965.15 949.29 5563.66 2915.06 3877.77 2034.56 2481.96 1026.94 1394.88 3616.91 3890.77 2685.27 5660.20 2022.99 1866.17 2559.96
4177.34 6362.50 2011.66 5162.03 0.00 2798.67 8063.72 7726.79 6877.27 6580.35 1401.71 5365.60 5945.99 4678.99 4377.00 6224.78 5708.59 8416.99 7577.25 8295.39 6134.93 4801.41 5706.34 4981.88 2321.82 319.85 8185.61 7799.95 2777.30 7858.03 7407.99 3762.93 6460.56 4222.12 1426.01 7450.72 8262.98 7130.39 3668.38 6010.93 4637.29 1680.84 7986.74 7501.60 1876.19 6757.81 5359.90 2843.78
1400.11 3656.99 1841.40 2457.87 2798.67 0.00 5329.47 4945.93 4199.86 3823.60 2011.20 2572.63 3156.12 1923.09 1579.17 3426.33 3178.25 5748.34 4792.84 5576.98 3408.23 2222.26 3065.86 2184.29 1859.25 2490.12 5485.29 5034.31 893.07 5140.42 4610.53 1668.98 3676.98 1589.84 3112.02 4681.22 5532.70 4351.56 1251.33 3226.58 2425.58 1168.41 5312.08 4705.57 3240.71 3961.75 2650.96 303.78
3931.81 3129.52 6976.77 3677.40 8063.72 5329.47 0.00 742.83 3208.39 2669.16 6928.30 2830.11 2265.70 3406.50 3853.17 2177.33 4075.48 726.01 880.19 292.58 1929.22 3309.31 3671.53 3314.13 6198.37 7744.86 364.87 481.68 5773.96 260.46 1658.20 4512.78 1745.95 4430.30 7909.41 768.53 206.12 2224.51 4434.07 2680.28 5052.25 6383.20 549.60 1223.01 7804.17 1669.68 2703.87 5229.96
3551.06 2413.52 6500.00 3070.36 7726.79 4945.93 742.83 0.00 2467.30 1951.46 6672.59 2379.73 1794.35 3050.48 3404.89 1603.17 3381.33 1468.49 167.92 1019.48 1680.16 3109.42 2993.00 2826.49 6008.85 7411.24 1103.15 266.93 5299.66 820.33 915.43 4347.47 1269.04 3889.93 7697.56 331.05 899.09 1483.09 4184.10 2048.11 4414.24 6050.72 1218.74 481.27 7634.17 1053.32 2431.52 4883.60
3140.17 562.30 5186.87 1742.00 6877.27 4199.86 3208.39 2467.30 0.00 717.90 6202.37 2240.41 2050.41 2919.81 2761.65 1686.70 1303.75 3931.26 2330.34 3486.42 2668.53 3486.22 1174.67 2259.15 5839.02 6595.21 3562.82 2727.00 4119.94 3239.17 1558.36 4506.64 2081.57 2657.92 7303.78 2511.06 3363.92 984.23 4090.56 1318.99 2543.77 5357.46 3631.03 1986.05 7390.36 1784.77 2878.63 4295.21
2627.59 462.08 5027.71 1443.59 6580.35 3823.60 2669.16 1951.46 717.90 0.00 5788.32 1601.48 1342.54 2329.67 2290.92 969.74 1450.63 3375.17 1795.86 2958.01 1950.64 2834.52 1111.68 1724.76 5345.47 6284.77 3006.66 2192.41 3888.51 2660.03 1121.46 3919.29 1371.76 2390.83 6882.96 1926.07 2844.40 610.67 3542.11 675.00 2589.32 4992.01 3038.11 1485.48 6933.27 1111.73 2195.34 3875.42
3206.64 5653.50 2326.84 4461.99 1401.71 2011.20 6928.30 6672.59 6202.37 5788.32 0.00 4391.47 4946.12 3647.94 3500.03 5273.25 5182.13 7215.62 6534.31 7139.66 5021.06 3620.23 5076.60 4089.16 921.43 1130.85 7013.21 6713.02 2436.41 6706.30 6476.80 2475.32 5431.57 3598.09 1101.73 6375.22 7120.72 6283.03 2496.95 5159.72 4317.92 936.38 6794.61 6506.74 1267.89 5772.71 4248.65 1913.99
1195.23 1712.36 4147.82 1183.62 5365.60 2572.63 2830.11 2379.73 2240.41 1601.48 4391.47 0.00 585.43 765.03 1028.97 882.37 2039.68 3352.39 2223.58 3099.58 1048.16 1245.95 1624.41 502.13 3840.37 5053.00 3041.86 2487.56 2944.69 2675.72 2086.13 2330.31 1113.22 1649.87 5458.95 2131.74 3036.21 1957.76 1996.49 930.94 2512.86 3700.28 2922.53 2136.91 5458.45 1393.80 710.77 2533.56
1769.95 1603.57 4722.74 1519.96 5945.99 3156.12 2265.70 1794.35 2050.41 1342.54 4946.12 585.43 0.00 1298.34 1611.95 405.29 2207.16 2823.40 1638.24 2541.76 693.73 1585.58 1766.55 1049.56 4356.47 5632.43 2497.85 1906.93 3519.81 2127.08 1557.66 2777.80 530.07 2170.90 6002.07 1551.10 2471.60 1537.55 2505.39 790.04 2911.58 4276.65 2402.36 1563.44 5982.24 826.76 891.43 3108.68
532.08 2367.20 3634.92 1497.16 4678.99 1923.09 3406.50 3050.48 2919.81 2329.67 3647.94 765.03 1298.34 0.00 645.88 1641.02 2445.98 3839.16 2904.24 3654.46 1487.42 729.90 2095.74 696.50 3075.96 4362.47 3566.21 3121.77 2452.87 3218.31 2841.84 1591.44 1790.92 1479.25 4705.34 2771.78 3609.62 2720.20 1231.79 1655.22 2549.31 3000.85 3402.37 2859.38 4696.00 2125.08 755.31 1835.30
418.80 2200.37 3124.14 1102.74 4377.00 1579.17 3853.17 3404.89 2761.65 2290.92 3500.03 1028.97 1611.95 645.88 0.00 1852.06 2025.09 4348.59 3246.62 4118.22 1996.90 1340.22 1752.92 605.13 3077.91 4069.25 4051.16 3516.53 1922.26 3689.64 3031.38 1865.90 2141.41 837.01 4592.57 3160.70 4059.08 2787.85 1379.43 1662.01 1931.36 2735.98 3914.17 3137.23 4646.43 2394.95 1350.58 1591.72
2071.70 1289.45 4906.11 1500.86 6224.78 3426.33 2177.33 1603.17 1686.70 969.74 5273.25 882.37 405.29 1641.02 1852.06 0.00 2028.25 2802.27 1437.31 2465.73 985.24 1986.23 1592.12 1252.56 4715.68 5914.72 2453.93 1763.64 3709.75 2081.67 1203.80 3163.75 496.33 2286.78 6341.22 1418.81 2378.65 1133.47 2866.72 553.24 2884.77 4568.89 2404.40 1288.17 6337.00 554.71 1296.48 3405.59
2443.85 1003.88 3929.65 950.24 5708.59 3178.25 4075.48 3381.33 1303.75 1450.63 5182.13 2039.68 2207.16 2445.98 2025.09 2028.25 0.00 4758.91 3219.98 4367.56 2899.40 3150.77 441.04 1764.55 4959.46 5442.44 4395.36 3609.11 2931.29 4033.93 2571.63 3890.96 2524.24 1589.60 6277.60 3312.70 4260.58 2032.70 3397.90 1475.14 1240.45 4286.55 4389.63 2927.54 6418.84 2427.13 2748.27 3336.40
4371.21 3832.69 7462.79 4297.46 8416.99 5748.34 726.01 1468.49 3931.26 3375.17 7215.62 3352.39 2823.40 3839.16 4348.59 2802.27 4758.91 0.00 1600.95 476.62 2358.32 3616.44 4344.83 3850.94 6432.50 8097.15 369.27 1205.03 6266.38 725.79 2383.91 4753.17 2334.17 4990.61 8147.81 1451.14 608.05 2948.15 4751.65 3330.47 5686.63 6745.46 436.79 1947.67 8004.08 2333.86 3097.57 5617.86
3400.27 2257.60 6337.10 2902.44 7577.25 4792.84 880.19 167.92 2330.34 1795.86 6534.31 2223.58 1638.24 2904.24 3246.62 1437.31 3219.98 1600.95 0.00 1164.73 1562.27 2987.19 2828.91 2665.26 5881.09 7262.26 1232.51 398.90 5137.39 922.58 793.35 4226.62 1116.77 3723.84 7564.83 285.51 1048.82 1347.82 4050.14 1880.29 4247.12 5902.76 1321.59 354.13 7507.84 886.25 2301.08 4735.04
4182.75 3418.90 7242.33 3966.38 8295.39 5576.98 292.58 1019.48 3486.42 2958.01 7139.66 3099.58 2541.76 3654.46 4118.22 2465.73 4367.56 476.62 1164.73 0.00 2169.44 3519.85 3964.08 3587.86 6392.28 7976.05 201.36 766.19 6040.29 437.59 1931.08 4705.73 2026.85 4710.10 8106.40 1060.84 131.47 2502.21 4651.10 2971.91 5343.21 6616.16 485.06 1500.66 7988.71 1961.77 2938.27 5468.88
2018.11 2266.98 5104.56 2168.79 6134.93 3408.23 1929.22 1680.16 2668.53 1950.64 5021.06 1048.16 693.73 1487.42 1996.90 985.24 2899.40 2358.32 1562.27 2169.44 0.00 1429.95 2459.23 1546.95 4332.76 5816.24 2078.84 1693.90 3909.32 1732.43 1812.08 2667.31 653.62 2693.15 6028.94 1365.51 2129.84 1990.11 2524.46 1473.47 3541.25 4454.25 1922.15 1640.90 5956.12 1070.17 776.55 3301.26
1061.69 2956.02 4042.94 2208.90 4801.41 2222.26 3309.31 3109.42 3486.22 2834.52 3620.23 1245.95 1585.58 729.90 1340.22 1986.23 3150.77 3616.44 2987.19 3519.85 1429.95 0.00 2778.67 1386.23 2904.50 4481.59 3397.01 3118.64 2921.20 3086.09 3114.24 1239.65 1952.86 2174.60 4606.63 2795.23 3500.70 3118.96 1135.61 2172.49 3267.79 3135.20 3188.12 3028.79 4526.36 2354.22 710.72 2041.55
2165.04 719.96 4021.37 651.64 5706.34 3065.86 3671.53 2993.00 1174.67 1111.68 5076.60 1624.41 1766.55 2095.74 1752.92 1592.12 441.04 4344.83 2828.91 3964.08 2459.23 2778.67 0.00 1401.00 4780.13 5427.00 3983.82 3211.89 2945.35 3619.09 2223.65 3602.05 2088.44 1495.59 6177.81 2905.02 3860.59 1718.32 3131.08 1039.00 1478.63 4210.10 3968.19 2552.47 6289.09 2011.00 2335.16 3188.46
902.92 1699.31 3676.24 827.12 4981.88 2184.29 3314.13 2826.49 2259.15 1724.76 4089.16 502.13 1049.56 696.50 605.13 1252.56 1764.55 3850.94 2665.26 3587.86 1546.95 1386.23 1401.00 0.00 3620.70 4674.35 3536.17 2953.20 2474.26 3168.03 2426.29 2253.72 1577.22 1147.84 5176.11 2597.85 3520.16 2193.88 1832.98 1073.03 2053.18 3339.74 3422.38 2540.34 5212.46 1800.94 1076.09 2189.20
2717.99 5278.16 2862.59 4135.80 2321.82 1859.25 6198.37 6008.85 5839.02 5345.47 921.43 3840.37 4356.47 3075.96 3077.91 4715.68 4959.46 6432.50 5881.09 6392.28 4332.76 2904.50 4780.13 3620.70 0.00 2041.71 6253.81 6023.13 2568.80 5965.46 5912.01 1686.58 4806.80 3383.19 1715.74 5698.17 6383.92 5786.65 1851.11 4686.72 4284.79 1271.88 6021.35 5891.71 1628.44 5177.27 3580.27 1638.23
3863.07 6075.47 1849.16 4872.96 319.85 2490.12 7744.86 7411.24 6595.21 6284.77 1130.85 5053.00 5632.43 4362.47 4069.25 5914.72 5442.44 8097.15 7262.26 7976.05 5816.24 4481.59 5427.00 4674.35 2041.71 0.00 7865.96 7482.82 2514.46 7538.72 7100.63 3448.23 6145.72 3937.68 1374.48 7133.99 7943.96 6830.13 3348.70 5708.75 4396.14 1362.74 7666.91 7189.56 1797.53 6445.90 5040.99 2527.69
4096.89 3464.68 7172.88 3953.06 8185.61 5485.29 364.87 1103.15 3562.82 3006.66 7013.21 3041.86 2497.85 3566.21 4051.16 2453.93 4395.36 369.27 1232.51 201.36 2078.84 3397.01 3983.82 3536.17 6253.81 7865.96 0.00 838.12 5972.84 373.07 2018.02 4568.18 1995.99 4668.67 7969.10 1084.37 305.00 2580.15 4531.35 2975.32 5338.35 6508.52 286.40 1580.67 7843.44 1973.27 2837.89 5368.07
3634.70 2653.68 6629.00 3253.06 7799.95 5034.31 481.68 266.93 2727.00 2192.41 6713.02 2487.56 1906.93 3121.77 3516.53 1763.64 3609.11 1205.03 398.90 766.19 1693.90 3118.64 3211.89 2953.20 6023.13 7482.82 838.12 0.00 5426.34 557.98 1180.01 4348.86 1376.99 4043.21 7722.41 355.88 652.56 1743.38 4217.39 2240.67 4613.72 6120.32 954.38 742.69 7643.23 1230.81 2464.44 4956.80
1931.13 3624.65 1203.18 2445.98 2777.30 893.07 5773.96 5299.66 4119.94 3888.51 2436.41 2944.69 3519.81 2452.87 1922.26 3709.75 2931.29 6266.38 5137.39 6040.29 3909.32 2921.20 2945.35 2474.26 2568.80 2514.46 5972.84 5426.34 0.00 5611.87 4823.01 2549.91 4049.43 1497.71 3475.53 5070.66 5979.98 4469.94 2095.61 3387.40 1910.06 1500.36 5830.87 4993.15 3703.55 4263.93 3208.13 1195.96
3747.25 3114.92 6813.09 3580.28 7858.03 5140.42 260.46 820.33 3239.17 2660.03 6706.30 2675.72 2127.08 3218.31 3689.64 2081.67 4033.93 725.79 922.58 437.59 1732.43 3086.09 3619.09 3168.03 5965.46 7538.72 373.07 557.98 5611.87 0.00 1715.89 4279.00 1623.07 4297.95 7678.43 734.40 419.55 2262.35 4215.89 2605.80 4966.35 6178.68 399.54 1276.69 7566.63 1608.16 2500.68 5031.34
3273.24 1573.16 6000.59 2440.56 7407.99 4610.53 1658.20 915.43 1558.36 1121.46 6476.80 2086.13 1557.66 2841.84 3031.38 1203.80 2571.63 2383.91 793.35 1931.08 1812.08 3114.24 2223.65 2426.29 5912.01 7100.63 2018.02 1180.01 4823.01 1715.89 0.00 4329.44 1179.21 3345.98 7544.71 1022.10 1807.08 577.63 4061.10 1437.58 3692.50 5762.24 2114.67 439.48 7536.04 762.57 2403.84 4602.86
1447.11 3950.07 3446.91 2959.63 3762.93 1668.98 4512.78 4347.47 4506.64 3919.29 2475.32 2330.31 2777.80 1591.44 1865.90 3163.75 3890.96 4753.17 4226.62 4705.73 2667.31 1239.65 3602.05 2253.72 1686.58 3448.23 4568.18 4348.86 2549.91 4279.00 4329.44 0.00 3183.74 2509.43 3401.06 4030.97 4697.59 4280.58 532.63 3244.31 3611.76 2186.31 4338.44 4264.51 3295.58 3575.64 1940.57 1380.96
2283.50 1747.36 5252.22 1965.15 6460.56 3676.98 1745.95 1269.04 2081.57 1371.76 5431.57 1113.22 530.07 1790.92 2141.41 496.33 2524.24 2334.17 1116.77 2026.85 653.62 1952.86 2088.44 1577.22 4806.80 6145.72 1995.99 1376.99 4049.43 1623.07 1179.21 3183.74 0.00 2684.35 6474.12 1021.23 1951.15 1340.22 2962.04 1049.51 3357.91 4786.74 1925.72 1085.01 6435.22 421.38 1243.91 3618.81
1163.61 2141.24 2655.55 949.29 4222.12 1589.84 4430.30 3889.93 2657.92 2390.83 3598.09 1649.87 2170.90 1479.25 837.01 2286.78 1589.60 4990.61 3723.84 4710.10 2693.15 2174.60 1495.59 1147.84 3383.19 3937.68 4668.67 4043.21 1497.71 4297.95 3345.98 2509.43 2684.35 0.00 4696.65 3692.04 4635.44 2974.02 1980.79 1908.81 1123.16 2717.44 4564.75 3547.04 4829.71 2838.60 2139.28 1750.93
4285.31 6754.23 3122.58 5563.66 1426.01 3112.02 7909.41 7697.56 7303.78 6882.96 1101.73 5458.95 6002.07 4705.34 4592.57 6341.22 6277.60 8147.81 7564.83 8106.40 6028.94 4606.63 6177.81 5176.11 1715.74 1374.48 7969.10 7722.41 3475.53 7678.43 7544.71 3401.06 6474.12 4696.65 0.00 7392.13 8096.40 7369.05 3514.87 6248.52 5378.77 2000.51 7737.09 7555.58 460.18 6828.35 5266.12 3012.49
3282.12 2382.11 6273.40 2915.06 7450.72 4681.22 768.53 331.05 2511.06 1926.07 6375.22 2131.74 1551.10 2771.78 3160.70 1418.81 3312.70 1451.14 285.51 1060.84 1365.51 2795.23 2905.02 2597.85 5698.17 7133.99 1084.37 355.88 5070.66 734.40 1022.10 4030.97 1021.23 3692.04 7392.13 0.00 964.39 1541.74 3882.03 1912.40 4285.26 5771.86 1120.46 599.77 7321.56 901.26 2127.77 4607.08
4135.64 3305.90 7182.76 3877.77 8262.98 5532.70 206.12 899.09 3363.92 2844.40 7120.72 3036.21 2471.60 3609.62 4059.08 2378.65 4260.58 608.05 1048.82 131.47 2129.84 3500.70 3860.59 3520.16 6383.92 7943.96 305.00 652.56 5979.98 419.55 1807.08 4697.59 1951.15 4635.44 8096.40 964.39 0.00 2379.94 4628.18 2876.57 5249.64 6582.73 569.86 1379.40 7985.99 1865.05 2903.19 5431.07
3085.99 1028.90 5621.92 2034.56 7130.39 4351.56 2224.51 1483.09 984.23 610.67 6283.03 1957.76 1537.55 2720.20 2787.85 1133.47 2032.70 2948.15 1347.82 2502.21 1990.11 3118.96 1718.32 2193.88 5786.65 6830.13 2580.15 1743.38 4469.94 2262.35 577.63 4280.58 1340.22 2974.02 7369.05 1541.74 2379.94 0.00 3951.54 1126.29 3196.95 5517.44 2657.36 1001.86 7394.63 950.38 2428.79 4379.43
966.63 3529.29 3084.11 2481.96 3668.38 1251.33 4434.07 4184.10 4090.56 3542.11 2496.95 1996.49 2505.39 1231.79 1379.43 2866.72 3397.90 4751.65 4050.14 4651.10 2524.46 1135.61 3131.08 1832.98 1851.11 3348.70 4531.35 4217.39 2095.61 4215.89 4061.10 532.63 2962.04 1980.79 3514.87 3882.03 4628.18 3951.54 0.00 2872.11 3079.57 2011.52 4323.72 4045.83 3477.37 3327.04 1754.26 999.64
1972.88 824.31 4563.01 1026.94 6010.93 3226.58 2680.28 2048.11 1318.99 675.00 5159.72 930.94 790.04 1655.22 1662.01 553.24 1475.14 3330.47 1880.29 2971.91 1473.47 2172.49 1039.00 1073.03 4686.72 5708.75 2975.32 2240.67 3387.40 2605.80 1437.58 3244.31 1049.51 1908.81 6248.52 1912.40 2876.57 1126.29 2872.11 0.00 2373.57 4391.63 2942.41 1658.75 6284.33 1011.66 1562.22 3253.73
2284.91 2187.00 2755.07 1394.88 4637.29 2425.58 5052.25 4414.24 2543.77 2589.32 4317.92 2512.86 2911.58 2549.31 1931.36 2884.77 1240.45 5686.63 4247.12 5343.21 3541.25 3267.79 1478.63 2053.18 4284.79 4396.14 5338.35 4613.72 1910.06 4966.35 3692.50 3611.76 3357.91 1123.16 5378.77 4285.26 5249.64 3196.95 3079.57 2373.57 0.00 3385.38 5283.47 3996.80 5584.08 3385.16 3124.41 2663.95
2506.77 4819.40 1590.90 3616.91 1680.84 1168.41 6383.20 6050.72 5357.46 4992.01 936.38 3700.28 4276.65 3000.85 2735.98 4568.89 4286.55 6745.46 5902.76 6616.16 4454.25 3135.20 4210.10 3339.74 1271.88 1362.74 6508.52 6120.32 1500.36 6178.68 5762.24 2186.31 4786.74 2717.44 2000.51 5771.86 6582.73 5517.44 2011.52 4391.63 3385.38 0.00 6313.59 5837.00 2204.15 5094.08 3679.55 1168.15
3934.42 3488.99 7026.70 3890.77 7986.74 5312.08 549.60 1218.74 3631.03 3038.11 6794.61 2922.53 2402.36 3402.37 3914.17 2404.40 4389.63 436.79 1321.59 485.06 1922.15 3188.12 3968.19 3422.38 6021.35 7666.91 286.40 954.38 5830.87 399.54 2114.67 4338.44 1925.72 4564.75 7737.09 1120.46 569.86 2657.36 4323.72 2942.41 5283.47 6313.59 0.00 1675.72 7602.28 1963.81 2661.19 5183.23
3330.72 1946.90 6185.68 2685.27 7501.60 4705.57 1223.01 481.27 1986.05 1485.48 6506.74 2136.91 1563.44 2859.38 3137.23 1288.17 2927.54 1947.67 354.13 1500.66 1640.90 3028.79 2552.47 2540.34 5891.71 7189.56 1580.67 742.69 4993.15 1276.69 439.48 4264.51 1085.01 3547.04 7555.58 599.77 1379.40 1001.86 4045.83 1658.75 3996.80 5837.00 1675.72 0.00 7520.10 743.85 2324.08 4669.73
4311.56 6834.32 3471.21 5660.20 1876.19 3240.71 7804.17 7634.17 7390.36 6933.27 1267.89 5458.45 5982.24 4696.00 4646.43 6337.00 6418.84 8004.08 7507.84 7988.71 5956.12 4526.36 6289.09 5212.46 1628.44 1797.53 7843.44 7643.23 3703.55 7566.63 7536.04 3295.58 6435.22 4829.71 460.18 7321.56 7985.99 7394.63 3477.37 6284.33 5584.08 2204.15 7602.28 7520.10 0.00 6804.39 5207.62 3101.12
2588.48 1541.73 5460.75 2022.99 6757.81 3961.75 1669.68 1053.32 1784.77 1111.73 5772.71 1393.80 826.76 2125.08 2394.95 554.71 2427.13 2333.86 886.25 1961.77 1070.17 2354.22 2011.00 1800.94 5177.27 6445.90 1973.27 1230.81 4263.93 1608.16 762.57 3575.64 421.38 2838.60 6828.35 901.26 1865.05 950.38 3327.04 1011.66 3385.16 5094.08 1963.81 743.85 6804.39 0.00 1643.51 3927.25
1283.35 2378.53 4389.06 1866.17 5359.90 2650.96 2703.87 2431.52 2878.63 2195.34 4248.65 710.77 891.43 755.31 1350.58 1296.48 2748.27 3097.57 2301.08 2938.27 776.55 710.72 2335.16 1076.09 3580.27 5040.99 2837.89 2464.44 3208.13 2500.68 2403.84 1940.57 1243.91 2139.28 5266.12 2127.77 2903.19 2428.79 1754.26 1562.22 3124.41 3679.55 2661.19 2324.08 5207.62 1643.51 0.00 2531.03
1339.05 3743.08 2087.28 2559.96 2843.78 303.78 5229.96 4883.60 4295.21 3875.42 1913.99 2533.56 3108.68 1835.30 1591.72 3405.59 3336.40 5617.86 4735.04 5468.88 3301.26 2041.55 3188.46 2189.20 1638.23 2527.69 5368.07 4956.80 1195.96 5031.34 4602.86 1380.96 3618.81 1750.93 3012.49 4607.08 5431.07 4379.43 999.64 3253.73 2663.95 1168.15 5183.23 4669.73 3101.12 3927.25 2531.03 0.00

Capacitated Vehicle Route Problem with Ant Colony Algorithm


R=10



1024 thread

Called function with 1 Block:

Attempt #0 ||
Raw data:
0 38 19 27 18 45 43 20 21 0 24 10 35 17 37 39 11 29 6 42 32 12 15 9 40 0 16 1 8 23 13 31 36 3 33 26 7 30 22 14 0 46 5 41 47 34 44 4 2 25 28
Vehicle #0 : 0 (967) 38 (4651) 19 (766) 27 (399) 18 (886) 45 (744) 43 (1641) 20 (1430) 21 (1062) 0
Vehicle #1 : 0 (2718) 24 (921) 10 (6375) 35 (1451) 17 (2948) 37 (1126) 39 (931) 11 (2676) 29 (260) 6 (550) 42 (1926) 32 (530) 12 (405) 15 (970) 9 (2589) 40 (2285) 0
Vehicle #2 : 0 (2444) 16 (1004) 1 (562) 8 (2259) 23 (697) 13 (1591) 31 (4698) 36 (3878) 3 (949) 33 (4669) 26 (1103) 7 (915) 30 (2224) 22 (1753) 14 (419) 0
Vehicle #3 : 0 (1283) 46 (2651) 5 (1168) 41 (1168) 47 (3012) 34 (460) 44 (1876) 4 (2012) 2 (1849) 25 (2514) 28 (1931) 0
 Total length : 90297.98

Attempt #1 ||
Raw data:
0 31 47 3 1 16 37 43 7 6 39 8 9 38 21 10 0 2 4 44 24 34 25 41 22 5 28 33 20 30 45 15 0 40 14 0 46 11 23 17 42 36 26 19 27 18 29 35 32 12 13
Vehicle #0 : 0 (1447) 31 (1381) 47 (2560) 3 (1204) 1 (1004) 16 (2033) 37 (1002) 43 (481) 7 (743) 6 (2680) 39 (1319) 8 (718) 9 (3542) 38 (1136) 21 (3620) 10 (3207) 0
Vehicle #1 : 0 (3106) 2 (2012) 4 (1876) 44 (1628) 24 (1716) 34 (1374) 25 (1363) 41 (4210) 22 (3066) 5 (893) 28 (1498) 33 (2693) 20 (1812) 30 (763) 45 (555) 15 (2072) 0
Vehicle #2 : 0 (2285) 40 (1931) 14 (419) 0
Vehicle #3 : 0 (1283) 46 (711) 11 (502) 23 (3851) 17 (437) 42 (570) 36 (305) 26 (201) 19 (766) 27 (399) 18 (923) 29 (734) 35 (1021) 32 (530) 12 (1298) 13 (532) 0
 Total length : 77411.81

Attempt #2 ||
Raw data:
0 35 26 17 14 47 5 22 32 6 1 30 28 2 0 25 24 10 44 4 34 41 31 38 15 11 36 19 7 21 0 12 13 3 46 8 40 33 0 18 27 42 29 20 9 23 16 45 43 37 39
Vehicle #0 : 0 (3282) 35 (1084) 26 (369) 17 (4349) 14 (1592) 47 (304) 5 (3066) 22 (2088) 32 (1746) 6 (3130) 1 (1573) 30 (4823) 28 (1203) 2 (3106) 0
Vehicle #1 : 0 (3863) 25 (2042) 24 (921) 10 (1268) 44 (1876) 4 (1426) 34 (2001) 41 (2186) 31 (533) 38 (2867) 15 (882) 11 (3036) 36 (131) 19 (1019) 7 (3109) 21 (1062) 0
Vehicle #2 : 0 (1770) 12 (1298) 13 (1497) 3 (1866) 46 (2879) 8 (2544) 40 (1123) 33 (1164) 0
Vehicle #3 : 0 (3400) 18 (399) 27 (954) 42 (400) 29 (1732) 20 (1951) 9 (1725) 23 (1765) 16 (2427) 45 (744) 43 (1002) 37 (1126) 39 (1973) 0
 Total length : 93676.28

Attempt #3 ||
Raw data:
0 16 44 34 25 31 4 5 28 14 0 33 21 26 29 42 17 19 36 6 43 35 46 38 47 0 37 3 9 2 41 1 8 22 40 0 10 24 23 39 11 20 15 12 32 18 45 27 7 30 13
Vehicle #0 : 0 (2444) 16 (6419) 44 (460) 34 (1374) 25 (3448) 31 (3763) 4 (2799) 5 (893) 28 (1922) 14 (419) 0
Vehicle #1 : 0 (1164) 33 (2175) 21 (3397) 26 (373) 29 (400) 42 (437) 17 (477) 19 (131) 36 (206) 6 (1223) 43 (600) 35 (2128) 46 (1754) 38 (1000) 47 (1339) 0
Vehicle #2 : 0 (3086) 37 (2035) 3 (1444) 9 (5028) 2 (1591) 41 (4819) 1 (562) 8 (1175) 22 (1479) 40 (2285) 0
Vehicle #3 : 0 (3207) 10 (921) 24 (3621) 23 (1073) 39 (931) 11 (1048) 20 (985) 15 (405) 12 (530) 32 (1117) 18 (886) 45 (1231) 27 (267) 7 (915) 30 (2842) 13 (532) 0
 Total length : 84757.91

Attempt #4 ||
Raw data:
0 8 23 9 46 40 10 14 31 34 3 0 11 22 45 39 19 7 43 42 29 17 35 21 33 18 16 0 5 44 28 25 4 41 2 38 0 20 1 12 27 26 32 6 36 37 30 13 15 24 47
Vehicle #0 : 0 (3140) 8 (2259) 23 (1725) 9 (2195) 46 (3124) 40 (4318) 10 (3500) 14 (1866) 31 (3401) 34 (5564) 3 (1517) 0
Vehicle #1 : 0 (1195) 11 (1624) 22 (2011) 45 (1012) 39 (2972) 19 (1019) 7 (481) 43 (1676) 42 (400) 29 (726) 17 (1451) 35 (2795) 21 (2175) 33 (3724) 18 (3220) 16 (2444) 0
Vehicle #2 : 0 (1400) 5 (3241) 44 (3704) 28 (2514) 25 (320) 4 (1681) 41 (1591) 2 (3084) 38 (967) 0
Vehicle #3 : 0 (2018) 20 (2267) 1 (1604) 12 (1907) 27 (838) 26 (1996) 32 (1746) 6 (206) 36 (2380) 37 (578) 30 (2842) 13 (1641) 15 (4716) 24 (1638) 47 (1339) 0
 Total length : 107750.62

Attempt #5 ||
Raw data:
0 28 22 15 45 37 39 43 7 18 35 27 20 46 13 0 33 1 12 9 30 11 5 47 21 0 14 38 10 25 34 24 4 44 2 41 31 0 23 3 40 16 8 6 19 36 29 26 17 42 32
Vehicle #0 : 0 (1931) 28 (2945) 22 (1592) 15 (555) 45 (950) 37 (1126) 39 (1659) 43 (481) 7 (168) 18 (286) 35 (356) 27 (1694) 20 (777) 46 (755) 13 (532) 0
Vehicle #1 : 0 (1164) 33 (2141) 1 (1604) 12 (1343) 9 (1121) 30 (2086) 11 (2573) 5 (304) 47 (2042) 21 (1062) 0
Vehicle #2 : 0 (419) 14 (1379) 38 (2497) 10 (1131) 25 (1374) 34 (1716) 24 (2322) 4 (1876) 44 (3471) 2 (1591) 41 (2186) 31 (1447) 0
Vehicle #3 : 0 (903) 23 (827) 3 (1395) 40 (1240) 16 (1304) 8 (3208) 6 (293) 19 (131) 36 (420) 29 (373) 26 (369) 17 (437) 42 (1926) 32 (2283) 0
 Total length : 67764.59

Attempt #6 ||
Raw data:
0 12 20 17 42 29 19 26 6 36 7 18 45 0 46 2 40 16 1 9 43 27 35 32 39 8 22 14 0 3 33 37 30 15 11 23 13 0 21 31 24 10 25 4 34 44 41 28 5 47 38
Vehicle #0 : 0 (1770) 12 (694) 20 (2358) 17 (437) 42 (400) 29 (438) 19 (201) 26 (365) 6 (206) 36 (899) 7 (168) 18 (886) 45 (2588) 0
Vehicle #1 : 0 (1283) 46 (4389) 2 (2755) 40 (1240) 16 (1004) 1 (462) 9 (1485) 43 (743) 27 (356) 35 (1021) 32 (1050) 39 (1319) 8 (1175) 22 (1753) 14 (419) 0
Vehicle #2 : 0 (1517) 3 (949) 33 (2974) 37 (578) 30 (1204) 15 (882) 11 (502) 23 (697) 13 (532) 0
Vehicle #3 : 0 (1062) 21 (1240) 31 (1687) 24 (921) 10 (1131) 25 (320) 4 (1426) 34 (460) 44 (2204) 41 (1500) 28 (893) 5 (304) 47 (1000) 38 (967) 0
 Total length : 56813.06

Attempt #7 ||
Raw data:
0 33 16 22 20 42 7 9 15 3 38 21 46 26 8 36 0 40 5 2 47 31 12 30 32 37 35 14 0 44 25 4 41 24 28 45 0 13 17 19 6 18 29 10 34 1 23 39 11 43 27
Vehicle #0 : 0 (1164) 33 (1590) 16 (441) 22 (2459) 20 (1922) 42 (1219) 7 (1951) 9 (970) 15 (1501) 3 (2482) 38 (1136) 21 (711) 46 (2838) 26 (3563) 8 (3364) 36 (4136) 0
Vehicle #1 : 0 (2285) 40 (2426) 5 (1841) 2 (2087) 47 (1381) 31 (2778) 12 (1558) 30 (1179) 32 (1340) 37 (1542) 35 (3161) 14 (419) 0
Vehicle #2 : 0 (4312) 44 (1798) 25 (320) 4 (1681) 41 (1272) 24 (2569) 28 (4264) 45 (2588) 0
Vehicle #3 : 0 (532) 13 (3839) 17 (477) 19 (293) 6 (880) 18 (923) 29 (6706) 10 (1102) 34 (6754) 1 (1699) 23 (1073) 39 (931) 11 (2137) 43 (743) 27 (3635) 0
 Total length : 103967.16

Attempt #8 ||
Raw data:
0 1 30 18 14 21 35 37 32 39 16 9 22 33 8 0 46 41 5 34 45 13 11 31 24 44 2 40 23 3 28 0 47 20 26 29 7 0 10 25 4 6 36 42 17 12 38 27 43 19 15
Vehicle #0 : 0 (2578) 1 (1573) 30 (793) 18 (3247) 14 (1340) 21 (2795) 35 (1542) 37 (1340) 32 (1050) 39 (1475) 16 (1451) 9 (1112) 22 (1496) 33 (2658) 8 (3140) 0
Vehicle #1 : 0 (1283) 46 (3680) 41 (1168) 5 (3112) 34 (6828) 45 (2125) 13 (765) 11 (2330) 31 (1687) 24 (1628) 44 (3471) 2 (2755) 40 (2053) 23 (827) 3 (2446) 28 (1931) 0
Vehicle #2 : 0 (1339) 47 (3301) 20 (2079) 26 (373) 29 (820) 7 (3551) 0
Vehicle #3 : 0 (3207) 10 (1131) 25 (320) 4 (8064) 6 (206) 36 (570) 42 (437) 17 (2823) 12 (2505) 38 (4217) 27 (743) 43 (1501) 19 (2466) 15 (2072) 0
 Total length : 107404.26

Attempt #9 ||
Raw data:
0 47 33 13 45 6 5 40 11 32 23 0 28 2 41 10 25 44 34 29 20 37 14 24 4 15 0 38 19 9 43 18 35 31 22 8 26 0 21 46 3 42 27 30 17 36 7 12 39 16 1
Vehicle #0 : 0 (1339) 47 (1751) 33 (1479) 13 (2125) 45 (1670) 6 (5329) 5 (2426) 40 (2513) 11 (1113) 32 (1577) 23 (903) 0
Vehicle #1 : 0 (1931) 28 (1203) 2 (1591) 41 (936) 10 (1131) 25 (1798) 44 (460) 34 (7678) 29 (1732) 20 (1990) 37 (2788) 14 (3078) 24 (2322) 4 (6225) 15 (2072) 0
Vehicle #2 : 0 (967) 38 (4651) 19 (2958) 9 (1485) 43 (354) 18 (286) 35 (4031) 31 (3602) 22 (1175) 8 (3563) 26 (4097) 0
Vehicle #3 : 0 (1062) 21 (711) 46 (1866) 3 (3891) 42 (954) 27 (1180) 30 (2384) 17 (608) 36 (899) 7 (1794) 12 (790) 39 (1475) 16 (1004) 1 (2578) 0
 Total length : 107524.80

Summary:
Average length: 89736.85 (+124.33%)
Minimal length: 56813.06 (+42.03%)


16384 thread

Called function with 16 Blocks:

Attempt #0 ||
Raw data:
0 46 14 33 45 37 39 3 23 13 0 42 29 7 35 26 36 19 17 6 27 32 43 18 30 15 0 2 28 41 4 44 25 34 10 5 24 47 38 31 21 0 40 16 8 9 1 22 11 12 20
Vehicle #0 : 0 (1283) 46 (1351) 14 (837) 33 (2839) 45 (950) 37 (1126) 39 (1027) 3 (827) 23 (697) 13 (532) 0
Vehicle #1 : 0 (3934) 42 (400) 29 (820) 7 (331) 35 (1084) 26 (305) 36 (131) 19 (477) 17 (726) 6 (482) 27 (1377) 32 (1085) 43 (354) 18 (793) 30 (1204) 15 (2072) 0
Vehicle #2 : 0 (3106) 2 (1203) 28 (1500) 41 (1681) 4 (1876) 44 (1798) 25 (1374) 34 (1102) 10 (2011) 5 (1859) 24 (1638) 47 (1000) 38 (533) 31 (1240) 21 (1062) 0
Vehicle #3 : 0 (2285) 40 (1240) 16 (1304) 8 (718) 9 (462) 1 (720) 22 (1624) 11 (585) 12 (694) 20 (2018) 0
 Total length : 61677.58

Attempt #1 ||
Raw data:
0 5 47 4 38 17 29 37 18 30 20 13 34 24 3 0 16 8 9 1 32 42 12 15 43 26 27 6 40 39 22 0 46 11 23 14 33 28 0 21 10 25 2 41 44 35 45 7 19 36 31
Vehicle #0 : 0 (1400) 5 (304) 47 (2844) 4 (3668) 38 (4752) 17 (726) 29 (2262) 37 (1348) 18 (793) 30 (1812) 20 (1487) 13 (4705) 34 (1716) 24 (4136) 3 (1517) 0
Vehicle #1 : 0 (2444) 16 (1304) 8 (718) 9 (462) 1 (1747) 32 (1926) 42 (2402) 12 (405) 15 (1288) 43 (1581) 26 (838) 27 (482) 6 (5052) 40 (2374) 39 (1039) 22 (2165) 0
Vehicle #2 : 0 (1283) 46 (711) 11 (502) 23 (605) 14 (837) 33 (1498) 28 (1931) 0
Vehicle #3 : 0 (1062) 21 (3620) 10 (1131) 25 (1849) 2 (1591) 41 (2204) 44 (7322) 35 (901) 45 (1053) 7 (1019) 19 (131) 36 (4698) 31 (1447) 0
 Total length : 95093.46

Attempt #2 ||
Raw data:
0 47 25 4 44 10 34 31 0 13 23 33 46 21 20 12 45 19 17 18 30 7 43 35 0 38 24 41 2 5 28 40 22 39 14 0 15 9 32 37 11 1 3 27 36 6 29 26 42 16 8
Vehicle #0 : 0 (1339) 47 (2528) 25 (320) 4 (1876) 44 (1268) 10 (1102) 34 (3401) 31 (1447) 0
Vehicle #1 : 0 (532) 13 (697) 23 (1148) 33 (2139) 46 (711) 21 (1430) 20 (694) 12 (827) 45 (1962) 19 (477) 17 (1601) 18 (793) 30 (915) 7 (481) 43 (600) 35 (3282) 0
Vehicle #2 : 0 (967) 38 (1851) 24 (1272) 41 (1591) 2 (1841) 5 (893) 28 (1910) 40 (1479) 22 (1039) 39 (1662) 14 (419) 0
Vehicle #3 : 0 (2072) 15 (970) 9 (1372) 32 (1340) 37 (1958) 11 (1712) 1 (1204) 3 (3253) 27 (653) 36 (206) 6 (260) 29 (373) 26 (286) 42 (4390) 16 (1304) 8 (3140) 0
 Total length : 70985.29

Attempt #3 ||
Raw data:
0 14 1 45 27 43 32 46 3 16 15 17 42 19 11 39 0 38 5 31 35 18 26 47 33 28 2 0 21 41 25 24 44 4 34 10 37 0 9 13 7 36 23 40 22 8 30 29 6 20 12
Vehicle #0 : 0 (419) 14 (2200) 1 (1542) 45 (1231) 27 (743) 43 (1085) 32 (1244) 46 (1866) 3 (950) 16 (2028) 15 (2802) 17 (437) 42 (485) 19 (3100) 11 (931) 39 (1973) 0
Vehicle #1 : 0 (967) 38 (1251) 5 (1669) 31 (4031) 35 (286) 18 (1233) 26 (5368) 47 (1751) 33 (1498) 28 (1203) 2 (3106) 0
Vehicle #2 : 0 (1062) 21 (3135) 41 (1363) 25 (2042) 24 (1628) 44 (1876) 4 (1426) 34 (1102) 10 (6283) 37 (3086) 0
Vehicle #3 : 0 (2628) 9 (2330) 13 (3050) 7 (899) 36 (3520) 23 (2053) 40 (1479) 22 (1175) 8 (1558) 30 (1716) 29 (260) 6 (1929) 20 (694) 12 (1770) 0
 Total length : 93461.07

Attempt #4 ||
Raw data:
0 14 3 1 8 9 39 15 32 7 43 11 33 40 16 22 0 13 25 4 41 24 44 34 10 31 38 47 5 2 28 0 20 12 23 21 46 0 36 26 42 17 19 6 29 27 18 35 45 37 30
Vehicle #0 : 0 (419) 14 (1103) 3 (1204) 1 (562) 8 (718) 9 (675) 39 (553) 15 (496) 32 (1269) 7 (481) 43 (2137) 11 (1650) 33 (1123) 40 (1240) 16 (441) 22 (2165) 0
Vehicle #1 : 0 (532) 13 (4362) 25 (320) 4 (1681) 41 (1272) 24 (1628) 44 (460) 34 (1102) 10 (2475) 31 (533) 38 (1000) 47 (304) 5 (1841) 2 (1203) 28 (1931) 0
Vehicle #2 : 0 (2018) 20 (694) 12 (1050) 23 (1386) 21 (711) 46 (1283) 0
Vehicle #3 : 0 (4136) 36 (305) 26 (286) 42 (437) 17 (477) 19 (293) 6 (260) 29 (558) 27 (399) 18 (286) 35 (901) 45 (950) 37 (578) 30 (3273) 0
 Total length : 57162.13

Attempt #5 ||
Raw data:
0 13 10 4 25 34 41 24 20 0 18 39 42 26 29 12 47 31 21 3 0 16 1 30 19 17 6 8 37 45 7 11 33 40 38 0 44 46 35 43 9 28 5 2 23 14 22 27 36 32 15
Vehicle #0 : 0 (532) 13 (3648) 10 (1402) 4 (320) 25 (1374) 34 (2001) 41 (1272) 24 (4333) 20 (2018) 0
Vehicle #1 : 0 (3400) 18 (1880) 39 (2942) 42 (286) 26 (373) 29 (2127) 12 (3109) 47 (1381) 31 (1240) 21 (2209) 3 (1517) 0
Vehicle #2 : 0 (2444) 16 (1004) 1 (1573) 30 (1931) 19 (477) 17 (726) 6 (3208) 8 (984) 37 (950) 45 (1053) 7 (2380) 11 (1650) 33 (1123) 40 (3080) 38 (967) 0
Vehicle #3 : 0 (4312) 44 (5208) 46 (2128) 35 (600) 43 (1485) 9 (3889) 28 (893) 5 (1841) 2 (3676) 23 (605) 14 (1753) 22 (3212) 27 (653) 36 (1951) 32 (496) 15 (2072) 0
 Total length : 95687.27

Attempt #6 ||
Raw data:
0 24 47 33 18 43 9 39 15 32 42 19 36 1 3 16 0 11 26 6 41 4 5 40 37 0 23 14 22 7 35 27 8 45 20 21 17 29 30 12 0 31 38 25 28 2 34 44 13 10 46
Vehicle #0 : 0 (2718) 24 (1638) 47 (1751) 33 (3724) 18 (354) 43 (1485) 9 (675) 39 (553) 15 (496) 32 (1926) 42 (485) 19 (131) 36 (3306) 1 (1204) 3 (950) 16 (2444) 0
Vehicle #1 : 0 (1195) 11 (3042) 26 (365) 6 (6383) 41 (1681) 4 (2799) 5 (2426) 40 (3197) 37 (3086) 0
Vehicle #2 : 0 (903) 23 (605) 14 (1753) 22 (2993) 7 (331) 35 (356) 27 (2727) 8 (1785) 45 (1070) 20 (1430) 21 (3616) 17 (726) 29 (1716) 30 (1558) 12 (1770) 0
Vehicle #3 : 0 (1447) 31 (533) 38 (3349) 25 (2514) 28 (1203) 2 (3123) 34 (460) 44 (4696) 13 (3648) 10 (4249) 46 (1283) 0
 Total length : 97858.24

Attempt #7 ||
Raw data:
0 31 28 1 27 26 35 15 40 12 25 4 41 24 47 46 0 38 34 44 10 5 13 16 22 21 45 37 14 0 23 19 30 42 8 36 9 39 33 0 3 18 32 7 43 29 6 17 20 11 2
Vehicle #0 : 0 (1447) 31 (2550) 28 (3625) 1 (2654) 27 (838) 26 (1084) 35 (1419) 15 (2885) 40 (2912) 12 (5632) 25 (320) 4 (1681) 41 (1272) 24 (1638) 47 (2531) 46 (1283) 0
Vehicle #1 : 0 (967) 38 (3515) 34 (460) 44 (1268) 10 (2011) 5 (1923) 13 (2446) 16 (441) 22 (2779) 21 (2354) 45 (950) 37 (2788) 14 (419) 0
Vehicle #2 : 0 (903) 23 (3588) 19 (1931) 30 (2115) 42 (3631) 8 (3364) 36 (2844) 9 (675) 39 (1909) 33 (1164) 0
Vehicle #3 : 0 (1517) 3 (2902) 18 (1117) 32 (1269) 7 (481) 43 (1277) 29 (260) 6 (726) 17 (2358) 20 (1048) 11 (4148) 2 (3106) 0
 Total length : 98424.85

Attempt #8 ||
Raw data:
0 25 4 34 44 24 38 5 28 40 2 10 41 47 0 11 7 27 35 17 26 42 6 0 33 22 8 9 43 30 37 39 1 16 3 23 0 31 13 46 21 20 15 36 19 32 29 18 45 12 14
Vehicle #0 : 0 (3863) 25 (320) 4 (1426) 34 (460) 44 (1628) 24 (1851) 38 (1251) 5 (893) 28 (1910) 40 (2755) 2 (2327) 10 (936) 41 (1168) 47 (1339) 0
Vehicle #1 : 0 (1195) 11 (2380) 7 (267) 27 (356) 35 (1451) 17 (369) 26 (286) 42 (550) 6 (3932) 0
Vehicle #2 : 0 (1164) 33 (1496) 22 (1175) 8 (718) 9 (1485) 43 (439) 30 (578) 37 (1126) 39 (824) 1 (1004) 16 (950) 3 (827) 23 (903) 0
Vehicle #3 : 0 (1447) 31 (1591) 13 (755) 46 (711) 21 (1430) 20 (985) 15 (2379) 36 (131) 19 (2027) 32 (1623) 29 (923) 18 (886) 45 (827) 12 (1612) 14 (419) 0
 Total length : 63349.86

Attempt #9 ||
Raw data:
0 40 16 37 18 45 42 36 26 32 0 24 25 23 39 27 6 34 4 41 47 20 17 19 44 10 0 21 46 11 13 22 12 14 2 0 3 38 31 28 5 33 30 9 29 35 7 43 1 8 15
Vehicle #0 : 0 (2285) 40 (1240) 16 (2033) 37 (1348) 18 (886) 45 (1964) 42 (570) 36 (305) 26 (1996) 32 (2283) 0
Vehicle #1 : 0 (2718) 24 (2042) 25 (4674) 23 (1073) 39 (2241) 27 (482) 6 (7909) 34 (1426) 4 (1681) 41 (1168) 47 (3301) 20 (2358) 17 (477) 19 (7989) 44 (1268) 10 (3207) 0
Vehicle #2 : 0 (1062) 21 (711) 46 (711) 11 (765) 13 (2096) 22 (1767) 12 (1612) 14 (3124) 2 (3106) 0
Vehicle #3 : 0 (1517) 3 (2482) 38 (533) 31 (2550) 28 (893) 5 (1590) 33 (3346) 30 (1121) 9 (2660) 29 (734) 35 (331) 7 (481) 43 (1947) 1 (562) 8 (1687) 15 (2072) 0
 Total length : 98382.53

Summary:
Average length: 83208.23 (+108.01%)
Minimal length: 57162.13 (+42.90%)


20480 thread

Called function with 20 Blocks:

Attempt #0 ||
Raw data:
0 46 19 42 29 39 14 28 35 26 36 18 6 0 5 23 9 20 13 21 47 44 4 34 15 0 7 30 27 17 40 8 1 12 11 0 41 25 2 24 10 16 22 3 43 37 31 38 45 32 33
Vehicle #0 : 0 (1283) 46 (2938) 19 (485) 42 (400) 29 (2606) 39 (1662) 14 (1922) 28 (5071) 35 (1084) 26 (305) 36 (1049) 18 (880) 6 (3932) 0
Vehicle #1 : 0 (1400) 5 (2184) 23 (1725) 9 (1951) 20 (1487) 13 (730) 21 (2042) 47 (3101) 44 (1876) 4 (1426) 34 (6341) 15 (2072) 0
Vehicle #2 : 0 (3551) 7 (915) 30 (1180) 27 (1205) 17 (5687) 40 (2544) 8 (562) 1 (1604) 12 (585) 11 (1195) 0
Vehicle #3 : 0 (2507) 41 (1363) 25 (1849) 2 (2863) 24 (921) 10 (5182) 16 (441) 22 (652) 3 (2685) 43 (1002) 37 (4281) 31 (533) 38 (3327) 45 (421) 32 (2684) 33 (1164) 0
 Total length : 100854.70

Attempt #1 ||
Raw data:
0 47 25 4 41 31 28 13 26 46 20 45 8 30 15 0 22 34 24 10 2 44 0 38 33 21 37 43 39 17 35 6 12 11 3 5 0 32 18 36 42 1 7 19 27 29 23 40 16 9 14
Vehicle #0 : 0 (1339) 47 (2528) 25 (320) 4 (1681) 41 (2186) 31 (2550) 28 (2453) 13 (3566) 26 (2838) 46 (777) 20 (1070) 45 (1785) 8 (1558) 30 (1204) 15 (2072) 0
Vehicle #1 : 0 (2165) 22 (6178) 34 (1716) 24 (921) 10 (2327) 2 (3471) 44 (4312) 0
Vehicle #2 : 0 (967) 38 (1981) 33 (2175) 21 (3119) 37 (1002) 43 (1659) 39 (3330) 17 (1451) 35 (769) 6 (2266) 12 (585) 11 (1184) 3 (2458) 5 (1400) 0
Vehicle #3 : 0 (2283) 32 (1117) 18 (1049) 36 (570) 42 (3489) 1 (2414) 7 (1019) 19 (766) 27 (558) 29 (3168) 23 (2053) 40 (1240) 16 (1451) 9 (2291) 14 (419) 0
 Total length : 97247.12

Attempt #2 ||
Raw data:
0 44 25 4 34 2 16 1 24 40 8 45 9 0 14 41 28 3 26 7 18 35 15 39 0 33 23 37 32 30 27 20 36 31 5 0 46 11 43 6 42 29 19 17 12 21 10 47 38 13 22
Vehicle #0 : 0 (4312) 44 (1798) 25 (320) 4 (1426) 34 (3123) 2 (3930) 16 (1004) 1 (5278) 24 (4285) 40 (2544) 8 (1785) 45 (1112) 9 (2628) 0
Vehicle #1 : 0 (419) 14 (2736) 41 (1500) 28 (2446) 3 (3953) 26 (1103) 7 (168) 18 (286) 35 (1419) 15 (553) 39 (1973) 0
Vehicle #2 : 0 (1164) 33 (1148) 23 (2194) 37 (1340) 32 (1179) 30 (1180) 27 (1694) 20 (2130) 36 (4698) 31 (1669) 5 (1400) 0
Vehicle #3 : 0 (1283) 46 (711) 11 (2137) 43 (1223) 6 (550) 42 (400) 29 (438) 19 (477) 17 (2823) 12 (1586) 21 (3620) 10 (1914) 47 (1000) 38 (1232) 13 (2096) 22 (2165) 0
 Total length : 93545.56

Attempt #3 ||
Raw data:
0 32 20 31 15 22 12 43 17 38 0 4 10 44 5 41 28 14 3 1 7 45 18 29 8 0 33 6 36 26 30 37 23 16 40 0 11 21 24 34 25 47 46 13 39 9 35 42 27 19 2
Vehicle #0 : 0 (2283) 32 (654) 20 (2667) 31 (3164) 15 (1592) 22 (1767) 12 (1563) 43 (1948) 17 (4752) 38 (967) 0
Vehicle #1 : 0 (4177) 4 (1402) 10 (1268) 44 (3241) 5 (1168) 41 (1500) 28 (1922) 14 (1103) 3 (1204) 1 (2414) 7 (1053) 45 (886) 18 (923) 29 (3239) 8 (3140) 0
Vehicle #2 : 0 (1164) 33 (4430) 6 (206) 36 (305) 26 (2018) 30 (578) 37 (2194) 23 (1765) 16 (1240) 40 (2285) 0
Vehicle #3 : 0 (1195) 11 (1246) 21 (2904) 24 (1716) 34 (1374) 25 (2528) 47 (2531) 46 (755) 13 (1655) 39 (675) 9 (1926) 35 (1120) 42 (954) 27 (766) 19 (7242) 2 (3106) 0
 Total length : 97877.00

Attempt #4 ||
Raw data:
0 38 13 41 4 34 25 10 24 44 31 5 28 20 32 0 36 15 43 45 30 12 37 29 3 9 0 22 19 39 21 18 35 16 46 23 47 2 14 0 27 7 17 26 6 42 11 1 8 33 40
Vehicle #0 : 0 (967) 38 (1232) 13 (3001) 41 (1681) 4 (1426) 34 (1374) 25 (1131) 10 (921) 24 (1628) 44 (3296) 31 (1669) 5 (893) 28 (3909) 20 (654) 32 (2283) 0
Vehicle #1 : 0 (4136) 36 (2379) 15 (1288) 43 (744) 45 (763) 30 (1558) 12 (1538) 37 (2262) 29 (3580) 3 (1444) 9 (2628) 0
Vehicle #2 : 0 (2165) 22 (3964) 19 (2972) 39 (2172) 21 (2987) 18 (286) 35 (3313) 16 (2748) 46 (1076) 23 (2189) 47 (2087) 2 (3124) 14 (419) 0
Vehicle #3 : 0 (3635) 27 (267) 7 (1468) 17 (369) 26 (365) 6 (550) 42 (2923) 11 (1712) 1 (562) 8 (2658) 33 (1123) 40 (2285) 0
 Total length : 95803.04

Attempt #5 ||
Raw data:
0 13 2 25 44 34 4 24 47 31 38 0 28 33 9 37 30 7 18 35 45 32 15 23 0 5 41 10 40 3 16 8 1 39 22 14 0 21 20 36 19 26 17 42 29 6 27 43 12 46 11
Vehicle #0 : 0 (532) 13 (3635) 2 (1849) 25 (1798) 44 (460) 34 (1426) 4 (2322) 24 (1638) 47 (1381) 31 (533) 38 (967) 0
Vehicle #1 : 0 (1931) 28 (1498) 33 (2391) 9 (611) 37 (578) 30 (915) 7 (168) 18 (286) 35 (901) 45 (421) 32 (496) 15 (1253) 23 (903) 0
Vehicle #2 : 0 (1400) 5 (1168) 41 (936) 10 (4318) 40 (1395) 3 (950) 16 (1304) 8 (562) 1 (824) 39 (1039) 22 (1753) 14 (419) 0
Vehicle #3 : 0 (1062) 21 (1430) 20 (2130) 36 (131) 19 (201) 26 (369) 17 (437) 42 (400) 29 (260) 6 (482) 27 (743) 43 (1563) 12 (891) 46 (711) 11 (1195) 0
 Total length : 56966.07

Attempt #6 ||
Raw data:
0 33 28 2 46 3 26 32 1 8 39 13 0 29 17 20 9 43 22 19 36 30 16 45 0 38 23 31 4 25 34 47 24 44 41 10 0 40 5 21 6 42 12 7 27 18 37 35 15 14 11
Vehicle #0 : 0 (1164) 33 (1498) 28 (1203) 2 (4389) 46 (1866) 3 (3953) 26 (1996) 32 (1747) 1 (562) 8 (1319) 39 (1655) 13 (532) 0
Vehicle #1 : 0 (3747) 29 (726) 17 (2358) 20 (1951) 9 (1485) 43 (2552) 22 (3964) 19 (131) 36 (1807) 30 (2572) 16 (2427) 45 (2588) 0
Vehicle #2 : 0 (967) 38 (1833) 23 (2254) 31 (3763) 4 (320) 25 (1374) 34 (3012) 47 (1638) 24 (1628) 44 (2204) 41 (936) 10 (3207) 0
Vehicle #3 : 0 (2285) 40 (2426) 5 (2222) 21 (3309) 6 (550) 42 (2402) 12 (1794) 7 (267) 27 (399) 18 (1348) 37 (1542) 35 (1419) 15 (1852) 14 (1029) 11 (1195) 0
 Total length : 95370.26

Attempt #7 ||
Raw data:
0 23 1 30 35 17 6 42 43 20 11 13 14 0 47 31 38 2 4 10 24 44 34 41 25 28 0 21 46 39 15 45 37 27 36 26 29 19 7 18 12 32 0 5 33 3 22 40 16 9 8
Vehicle #0 : 0 (903) 23 (1699) 1 (1573) 30 (1022) 35 (1451) 17 (726) 6 (550) 42 (1676) 43 (1641) 20 (1048) 11 (765) 13 (646) 14 (419) 0
Vehicle #1 : 0 (1339) 47 (1381) 31 (533) 38 (3084) 2 (2012) 4 (1402) 10 (921) 24 (1628) 44 (460) 34 (2001) 41 (1363) 25 (2514) 28 (1931) 0
Vehicle #2 : 0 (1062) 21 (711) 46 (1562) 39 (553) 15 (555) 45 (950) 37 (1743) 27 (653) 36 (305) 26 (373) 29 (438) 19 (1019) 7 (168) 18 (1638) 12 (530) 32 (2283) 0
Vehicle #3 : 0 (1400) 5 (1590) 33 (949) 3 (652) 22 (1479) 40 (1240) 16 (1451) 9 (718) 8 (3140) 0
 Total length : 61850.19

Attempt #8 ||
Raw data:
0 3 32 39 7 30 20 43 23 6 26 35 27 29 42 0 4 34 44 47 5 37 38 0 11 36 19 18 1 15 45 22 41 2 25 24 40 12 0 17 9 31 10 28 33 16 8 14 46 21 13
Vehicle #0 : 0 (1517) 3 (1965) 32 (1050) 39 (2048) 7 (915) 30 (1812) 20 (1641) 43 (2540) 23 (3314) 6 (365) 26 (1084) 35 (356) 27 (558) 29 (400) 42 (3934) 0
Vehicle #1 : 0 (4177) 4 (1426) 34 (460) 44 (3101) 47 (304) 5 (4352) 37 (3952) 38 (967) 0
Vehicle #2 : 0 (1195) 11 (3036) 36 (131) 19 (1165) 18 (2258) 1 (1289) 15 (555) 45 (2011) 22 (4210) 41 (1591) 2 (1849) 25 (2042) 24 (4285) 40 (2912) 12 (1770) 0
Vehicle #3 : 0 (4371) 17 (3375) 9 (3919) 31 (2475) 10 (2436) 28 (1498) 33 (1590) 16 (1304) 8 (2762) 14 (1351) 46 (711) 21 (730) 13 (532) 0
 Total length : 99590.12

Attempt #9 ||
Raw data:
