Opening file "VRPTW_C201.txt"!
Closing file!
Maximum number of vehicles: 10
Truck capacity : 700
Capacities: 0 10 30 10 10 10 20 20 20 10 10 10 20 30 10 40 40 20 20 10 10 20 20 10 10 40
Given Dist matrix:
0.00 27.73 20.62 29.07 25.61 15.13 25.30 26.91 11.66 23.32 16.76 19.65 38.08 30.81 39.36 36.06 40.31 33.30 35.36 39.05 10.00 11.66 12.17 30.53 15.00 24.08
27.73 0.00 8.60 11.66 12.04 14.14 48.84 7.81 23.43 24.52 19.24 18.03 28.79 30.00 31.62 32.39 33.53 34.00 37.00 37.34 33.30 29.07 33.24 39.05 36.80 31.32
20.62 8.60 0.00 17.03 15.52 5.83 40.31 13.00 14.87 17.00 10.77 10.05 25.00 23.54 27.46 26.93 29.15 27.46 30.41 31.62 25.00 20.52 24.76 31.26 28.28 23.35
29.07 11.66 17.03 0.00 3.61 20.40 53.34 4.12 29.41 34.01 27.17 27.00 40.31 40.45 43.08 43.42 44.94 44.41 47.38 48.27 37.22 34.54 38.01 48.09 41.59 40.11
25.61 12.04 15.52 3.61 0.00 18.03 50.12 4.47 26.68 32.25 25.00 25.18 39.82 39.05 42.49 42.38 44.28 42.95 45.89 47.13 34.00 31.62 34.93 46.00 38.48 38.00
15.13 14.14 5.83 20.40 18.03 0.00 34.71 16.76 9.43 14.87 7.07 8.06 26.25 22.36 28.28 26.63 29.73 26.00 28.79 30.89 19.21 15.00 19.10 28.02 22.67 20.02
25.30 48.84 40.31 53.34 50.12 34.71 0.00 50.48 25.46 30.46 30.61 33.02 43.93 33.54 43.42 38.21 43.19 33.06 33.02 38.01 16.12 19.80 15.62 24.08 12.04 24.74
26.91 7.81 13.00 4.12 4.47 16.76 50.48 0.00 26.00 30.00 23.35 23.02 36.25 36.35 39.00 39.29 40.85 40.31 43.29 44.15 34.41 31.30 34.99 44.18 38.59 36.22
11.66 23.43 14.87 29.41 26.68 9.43 25.46 26.00 0.00 11.66 6.08 9.06 26.57 19.21 27.73 24.41 28.65 21.93 24.21 27.59 10.77 5.66 10.00 20.88 13.45 13.42
23.32 24.52 17.00 34.01 32.25 14.87 30.46 30.00 11.66 0.00 8.06 7.07 15.30 7.81 16.16 12.81 17.00 11.18 13.93 16.40 20.10 14.14 18.00 14.56 20.22 7.21
16.76 19.24 10.77 27.17 25.00 7.07 30.61 23.35 6.08 8.06 0.00 3.00 21.47 15.81 23.02 20.52 24.21 19.24 21.93 24.41 16.76 11.18 15.65 21.00 18.87 13.00
19.65 18.03 10.05 27.00 25.18 8.06 33.02 23.02 9.06 7.07 3.00 0.00 18.87 14.32 20.62 18.60 21.93 18.03 20.88 22.83 19.65 13.93 18.38 21.21 21.47 13.34
38.08 28.79 25.00 40.31 39.82 26.25 43.93 36.25 26.57 15.30 21.47 18.87 0.00 10.44 3.00 7.07 5.00 12.21 14.14 11.18 35.36 29.43 33.14 21.95 35.00 19.24
30.81 30.00 23.54 40.45 39.05 22.36 33.54 36.35 19.21 7.81 15.81 14.32 10.44 0.00 10.00 5.39 10.20 4.00 7.00 8.60 26.25 20.62 23.77 12.04 25.18 9.00
39.36 31.62 27.46 43.08 42.49 28.28 43.42 39.00 27.73 16.16 23.02 20.62 3.00 10.00 0.00 5.39 2.00 10.77 12.21 8.60 35.90 30.08 33.54 20.62 35.13 19.00
36.06 32.39 26.93 43.42 42.38 26.63 38.21 39.29 24.41 12.81 20.52 18.60 7.07 5.39 5.39 0.00 5.00 5.39 7.07 5.00 31.62 26.00 29.12 15.23 30.41 14.14
40.31 33.53 29.15 44.94 44.28 29.73 43.19 40.85 28.65 17.00 24.21 21.93 5.00 10.20 2.00 5.00 0.00 10.20 11.18 7.07 36.40 30.68 33.96 19.92 35.36 19.10
33.30 34.00 27.46 44.41 42.95 26.00 33.06 40.31 21.93 11.18 19.24 18.03 12.21 4.00 10.77 5.39 10.20 0.00 3.00 5.83 27.73 22.47 25.08 9.85 25.96 9.85
35.36 37.00 30.41 47.38 45.89 28.79 33.02 43.29 24.21 13.93 21.93 20.88 14.14 7.00 12.21 7.07 11.18 3.00 0.00 5.00 29.15 24.21 26.42 9.06 26.93 11.40
39.05 37.34 31.62 48.27 47.13 30.89 38.01 44.15 27.59 16.40 24.41 22.83 11.18 8.60 8.60 5.00 7.07 5.83 5.00 0.00 33.54 28.30 30.87 14.04 31.62 15.65
10.00 33.30 25.00 37.22 34.00 19.21 16.12 34.41 10.77 20.10 16.76 19.65 35.36 26.25 35.90 31.62 36.40 27.73 29.15 33.54 0.00 6.00 2.83 22.63 5.00 17.89
11.66 29.07 20.52 34.54 31.62 15.00 19.80 31.30 5.66 14.14 11.18 13.93 29.43 20.62 30.08 26.00 30.68 22.47 24.21 28.30 6.00 0.00 4.47 18.87 7.81 12.81
12.17 33.24 24.76 38.01 34.93 19.10 15.62 34.99 10.00 18.00 15.65 18.38 33.14 23.77 33.54 29.12 33.96 25.08 26.42 30.87 2.83 4.47 0.00 19.80 3.61 15.23
30.53 39.05 31.26 48.09 46.00 28.02 24.08 44.18 20.88 14.56 21.00 21.21 21.95 12.04 20.62 15.23 19.92 9.85 9.06 14.04 22.63 18.87 19.80 0.00 19.42 8.00
15.00 36.80 28.28 41.59 38.48 22.67 12.04 38.59 13.45 20.22 18.87 21.47 35.00 25.18 35.13 30.41 35.36 25.96 26.93 31.62 5.00 7.81 3.61 19.42 0.00 16.28
24.08 31.32 23.35 40.11 38.00 20.02 24.74 36.22 13.42 7.21 13.00 13.34 19.24 9.00 19.00 14.14 19.10 9.85 11.40 15.65 17.89 12.81 15.23 8.00 16.28 0.00

0 3390 0
311 471 90
213 373 90
1167 1327 90
1261 1421 90
25 185 90
497 657 90
1073 1233 90
2887 3047 90
2601 2761 90
2791 2951 90
2698 2858 90
2119 2279 90
2405 2565 90
2026 2186 90
2216 2376 90
1934 2094 90
2311 2471 90
1742 1902 90
1837 1997 90
10 170 90
2983 3143 90
22 182 90
1643 1803 90
116 276 90
2504 2664 90
Capacitated Vehicle Route with Time Window Problem with Ant Colony Algorithm


R=50



1024 thread

Called function with 1 Block:

Attempt #0 ||
Raw data:
0 0 0 0 0 0 0 0 0 0 0 0 0 0 0 0 0 0 0 0 0 0 0 0 0 0 0 0 0 0 0 0 0 0 0
Need to find route in greedy mode!
Route not found, Time Window condition failed!

Attempt #1 ||
Raw data:
0 20 6 23 18 16 14 12 17 25 8 0 21 0 9 10 0 1 3 4 11 0 24 2 0 5 7 0 0 0 22 19 15 13 0
Vehicle #0 : 0 (10) 20 (16) 6 (24) 23 (9) 18 (11) 16 (2) 14 (3) 12 (12) 17 (10) 25 (13) 8 (12) 0
Vehicle #1 : 0 (12) 21 (12) 0
Vehicle #2 : 0 (23) 9 (8) 10 (17) 0
Vehicle #3 : 0 (28) 1 (12) 3 (4) 4 (25) 11 (20) 0
Vehicle #4 : 0 (15) 24 (28) 2 (21) 0
Vehicle #5 : 0 (15) 5 (17) 7 (27) 0
Vehicle #6 : Unused
Vehicle #7 : Unused
Vehicle #8 : 0 (12) 22 (31) 19 (5) 15 (5) 13 (31) 0
Vehicle #9 : Unused
Vehicle #10 :  Total length : 488.80

Attempt #2 ||
Raw data:
0 0 0 0 0 0 0 0 0 0 0 0 0 0 0 0 0 0 0 0 0 0 0 0 0 0 0 0 0 0 0 0 0 0 0
Need to find route in greedy mode!
Route not found, Time Window condition failed!

Attempt #3 ||
Raw data:
0 0 0 0 0 0 0 0 0 0 0 0 0 0 0 0 0 0 0 0 0 0 0 0 0 0 0 0 0 0 0 0 0 0 0
Need to find route in greedy mode!
Route not found, Time Window condition failed!

Attempt #4 ||
Raw data:
0 17 9 0 23 18 14 12 11 8 21 0 5 2 1 7 3 19 15 13 25 0 20 22 24 4 16 10 0 0 0 0 0 0 6
Vehicle #0 : 0 (33) 17 (11) 9 (23) 0
Vehicle #1 : 0 (31) 23 (9) 18 (12) 14 (3) 12 (19) 11 (9) 8 (6) 21 (12) 0
Vehicle #2 : 0 (15) 5 (6) 2 (9) 1 (8) 7 (4) 3 (48) 19 (5) 15 (5) 13 (9) 25 (24) 0
Vehicle #3 : 0 (10) 20 (3) 22 (4) 24 (38) 4 (44) 16 (24) 10 (17) 0
Vehicle #4 : Unused
Vehicle #5 : Unused
Vehicle #6 : Unused
Vehicle #7 : Unused
Vehicle #8 : Unused
Vehicle #9 : 0 (25) 6 (25) 0
 Total length : 491.84

Attempt #5 ||
Raw data:
0 21 0 5 3 4 0 22 6 23 18 15 17 11 0 2 1 7 0 20 24 16 13 25 10 8 0 0 0 0 0 19 14 12 9
Vehicle #0 : 0 (12) 21 (12) 0
Vehicle #1 : 0 (15) 5 (20) 3 (4) 4 (26) 0
Vehicle #2 : 0 (12) 22 (16) 6 (24) 23 (9) 18 (7) 15 (5) 17 (18) 11 (20) 0
Vehicle #3 : 0 (21) 2 (9) 1 (8) 7 (27) 0
Vehicle #4 : 0 (10) 20 (5) 24 (35) 16 (10) 13 (9) 25 (13) 10 (6) 8 (12) 0
Vehicle #5 : Unused
Vehicle #6 : Unused
Vehicle #7 : Unused
Vehicle #8 : Unused
Vehicle #9 : 0 (39) 19 (9) 14 (3) 12 (15) 9 (23) 0
 Total length : 452.63

Attempt #6 ||
Raw data:
0 0 0 0 0 0 0 0 0 0 0 0 0 0 0 0 0 0 0 0 0 0 0 0 0 0 0 0 0 0 0 0 0 0 0
Need to find route in greedy mode!
Route not found, Time Window condition failed!

Attempt #7 ||
Raw data:
0 0 0 0 0 0 0 0 0 0 0 0 0 0 0 0 0 0 0 0 0 0 0 0 0 0 0 0 0 0 0 0 0 0 0
Need to find route in greedy mode!
Route not found, Time Window condition failed!

Attempt #8 ||
Raw data:
0 0 0 0 0 0 0 0 0 0 0 0 0 0 0 0 0 0 0 0 0 0 0 0 0 0 0 0 0 0 0 0 0 0 0
Need to find route in greedy mode!
Route not found, Time Window condition failed!

Attempt #9 ||
Raw data:
0 0 0 0 0 0 0 0 0 0 0 0 0 0 0 0 0 0 0 0 0 0 0 0 0 0 0 0 0 0 0 0 0 0 0
Need to find route in greedy mode!
Route not found, Time Window condition failed!

Summary:
Average length: 477.76 (+-42.25%)
Minimal length: 452.63 (+-45.29%)


16384 thread

Called function with 16 Blocks:

Attempt #0 ||
Raw data:
0 5 1 7 3 4 9 21 0 22 20 6 23 18 19 16 12 15 17 13 11 10 8 0 2 14 25 0 24 0 0 0 0 0 0
Vehicle #0 : 0 (15) 5 (14) 1 (8) 7 (4) 3 (4) 4 (32) 9 (14) 21 (12) 0
Vehicle #1 : 0 (12) 22 (3) 20 (16) 6 (24) 23 (9) 18 (5) 19 (7) 16 (5) 12 (7) 15 (5) 17 (4) 13 (14) 11 (3) 10 (6) 8 (12) 0
Vehicle #2 : 0 (21) 2 (27) 14 (19) 25 (24) 0
Vehicle #3 : 0 (15) 24 (15) 0
Vehicle #4 : Unused
Vehicle #5 : Unused
Vehicle #6 : Unused
Vehicle #7 : Unused
Vehicle #8 : Unused
Vehicle #9 : Unused
Vehicle #10 :  Total length : 356.87

Attempt #1 ||
Raw data:
0 22 20 24 6 23 18 19 16 14 12 15 17 13 11 0 2 1 7 3 4 0 5 9 10 8 0 0 0 0 0 0 0 25 21
Vehicle #0 : 0 (12) 22 (3) 20 (5) 24 (12) 6 (24) 23 (9) 18 (5) 19 (7) 16 (2) 14 (3) 12 (7) 15 (5) 17 (4) 13 (14) 11 (20) 0
Vehicle #1 : 0 (21) 2 (9) 1 (8) 7 (4) 3 (4) 4 (26) 0
Vehicle #2 : 0 (15) 5 (15) 9 (8) 10 (6) 8 (12) 0
Vehicle #3 : Unused
Vehicle #4 : Unused
Vehicle #5 : Unused
Vehicle #6 : Unused
Vehicle #7 : Unused
Vehicle #8 : Unused
Vehicle #9 : 0 (24) 25 (13) 21 (12) 0
 Total length : 307.39

Attempt #2 ||
Raw data:
0 1 7 3 4 14 15 25 9 11 10 0 20 24 23 18 19 16 12 17 13 8 21 0 22 6 0 5 2 0 0 0 0 0 0
Vehicle #0 : 0 (28) 1 (8) 7 (4) 3 (4) 4 (42) 14 (5) 15 (14) 25 (7) 9 (7) 11 (3) 10 (17) 0
Vehicle #1 : 0 (10) 20 (5) 24 (19) 23 (9) 18 (5) 19 (7) 16 (5) 12 (12) 17 (4) 13 (19) 8 (6) 21 (12) 0
Vehicle #2 : 0 (12) 22 (16) 6 (25) 0
Vehicle #3 : 0 (15) 5 (6) 2 (21) 0
Vehicle #4 : Unused
Vehicle #5 : Unused
Vehicle #6 : Unused
Vehicle #7 : Unused
Vehicle #8 : Unused
Vehicle #9 : Unused
Vehicle #10 :  Total length : 347.27

Attempt #3 ||
Raw data:
0 19 9 0 8 0 5 7 23 14 12 15 13 11 10 0 20 24 0 1 3 4 0 0 0 22 6 0 0 2 18 16 17 25 21
Vehicle #0 : 0 (39) 19 (16) 9 (23) 0
Vehicle #1 : 0 (12) 8 (12) 0
Vehicle #2 : 0 (15) 5 (17) 7 (44) 23 (21) 14 (3) 12 (7) 15 (5) 13 (14) 11 (3) 10 (17) 0
Vehicle #3 : 0 (10) 20 (5) 24 (15) 0
Vehicle #4 : 0 (28) 1 (12) 3 (4) 4 (26) 0
Vehicle #5 : Unused
Vehicle #6 : Unused
Vehicle #7 : 0 (12) 22 (16) 6 (25) 0
Vehicle #8 : Unused
Vehicle #9 : 0 (21) 2 (30) 18 (11) 16 (10) 17 (10) 25 (13) 21 (12) 0
 Total length : 506.75

Attempt #4 ||
Raw data:
0 5 14 12 13 10 21 0 22 24 23 18 19 16 15 17 25 0 2 3 4 11 0 20 6 9 0 0 0 0 0 0 1 7 8
Vehicle #0 : 0 (15) 5 (28) 14 (3) 12 (10) 13 (16) 10 (11) 21 (12) 0
Vehicle #1 : 0 (12) 22 (4) 24 (19) 23 (9) 18 (5) 19 (7) 16 (5) 15 (5) 17 (10) 25 (24) 0
Vehicle #2 : 0 (21) 2 (17) 3 (4) 4 (25) 11 (20) 0
Vehicle #3 : 0 (10) 20 (16) 6 (30) 9 (23) 0
Vehicle #4 : Unused
Vehicle #5 : Unused
Vehicle #6 : Unused
Vehicle #7 : Unused
Vehicle #8 : Unused
Vehicle #9 : 0 (28) 1 (8) 7 (26) 8 (12) 0
 Total length : 435.33

Attempt #5 ||
Raw data:
0 22 12 0 4 16 14 13 21 0 18 11 0 24 6 19 9 0 2 7 15 25 10 0 1 23 8 0 20 5 3 0 0 0 17
Vehicle #0 : 0 (12) 22 (33) 12 (38) 0
Vehicle #1 : 0 (26) 4 (44) 16 (2) 14 (10) 13 (21) 21 (12) 0
Vehicle #2 : 0 (35) 18 (21) 11 (20) 0
Vehicle #3 : 0 (15) 24 (12) 6 (38) 19 (16) 9 (23) 0
Vehicle #4 : 0 (21) 2 (13) 7 (39) 15 (14) 25 (13) 10 (17) 0
Vehicle #5 : 0 (28) 1 (39) 23 (21) 8 (12) 0
Vehicle #6 : 0 (10) 20 (19) 5 (20) 3 (29) 0
Vehicle #7 : Unused
Vehicle #8 : Unused
Vehicle #9 : 0 (33) 17 (33) 0
 Total length : 739.63

Attempt #6 ||
Raw data:
0 5 2 7 3 4 19 16 15 9 0 20 0 23 14 12 11 10 21 0 0 0 22 1 0 0 0 0 24 6 18 17 13 25 8
Vehicle #0 : 0 (15) 5 (6) 2 (13) 7 (4) 3 (4) 4 (47) 19 (7) 16 (5) 15 (13) 9 (23) 0
Vehicle #1 : 0 (10) 20 (10) 0
Vehicle #2 : 0 (31) 23 (21) 14 (3) 12 (19) 11 (3) 10 (11) 21 (12) 0
Vehicle #3 : Unused
Vehicle #4 : Unused
Vehicle #5 : 0 (12) 22 (33) 1 (28) 0
Vehicle #6 : Unused
Vehicle #7 : Unused
Vehicle #8 : Unused
Vehicle #9 : 0 (15) 24 (12) 6 (33) 18 (3) 17 (4) 13 (9) 25 (13) 8 (12) 0
 Total length : 430.15

Attempt #7 ||
Raw data:
0 22 24 23 16 12 9 11 10 8 0 5 2 1 7 3 4 14 15 13 25 0 0 20 0 0 0 0 0 0 6 18 19 17 21
Vehicle #0 : 0 (12) 22 (4) 24 (19) 23 (20) 16 (5) 12 (15) 9 (7) 11 (3) 10 (6) 8 (12) 0
Vehicle #1 : 0 (15) 5 (6) 2 (9) 1 (8) 7 (4) 3 (4) 4 (42) 14 (5) 15 (5) 13 (9) 25 (24) 0
Vehicle #2 : Unused
Vehicle #3 : 0 (10) 20 (10) 0
Vehicle #4 : Unused
Vehicle #5 : Unused
Vehicle #6 : Unused
Vehicle #7 : Unused
Vehicle #8 : Unused
Vehicle #9 : 0 (25) 6 (33) 18 (5) 19 (6) 17 (22) 21 (12) 0
 Total length : 357.95

Attempt #8 ||
Raw data:
0 2 1 12 17 25 9 11 21 0 20 24 6 23 18 19 16 15 10 0 22 0 5 7 3 4 14 13 8 0 0 0 0 0 0
Vehicle #0 : 0 (21) 2 (9) 1 (29) 12 (12) 17 (10) 25 (7) 9 (7) 11 (14) 21 (12) 0
Vehicle #1 : 0 (10) 20 (5) 24 (12) 6 (24) 23 (9) 18 (5) 19 (7) 16 (5) 15 (21) 10 (17) 0
Vehicle #2 : 0 (12) 22 (12) 0
Vehicle #3 : 0 (15) 5 (17) 7 (4) 3 (4) 4 (42) 14 (10) 13 (19) 8 (12) 0
Vehicle #4 : Unused
Vehicle #5 : Unused
Vehicle #6 : Unused
Vehicle #7 : Unused
Vehicle #8 : Unused
Vehicle #9 : Unused
Vehicle #10 :  Total length : 381.78

Attempt #9 ||
Raw data:
0 5 23 17 10 0 22 24 0 2 7 3 4 18 19 13 25 8 0 0 0 1 15 11 0 0 0 0 20 6 16 14 12 9 21
Vehicle #0 : 0 (15) 5 (28) 23 (10) 17 (19) 10 (17) 0
Vehicle #1 : 0 (12) 22 (4) 24 (15) 0
Vehicle #2 : 0 (21) 2 (13) 7 (4) 3 (4) 4 (46) 18 (5) 19 (9) 13 (9) 25 (13) 8 (12) 0
Vehicle #3 : Unused
Vehicle #4 : Unused
Vehicle #5 : 0 (28) 1 (32) 15 (19) 11 (20) 0
Vehicle #6 : Unused
Vehicle #7 : Unused
Vehicle #8 : Unused
Vehicle #9 : 0 (10) 20 (16) 6 (43) 16 (2) 14 (3) 12 (15) 9 (14) 21 (12) 0
 Total length : 468.46

Summary:
Average length: 433.16 (+-47.64%)
Minimal length: 307.39 (+-62.84%)


20480 thread

Called function with 20 Blocks:

Attempt #0 ||
Raw data:
0 3 4 16 14 13 25 0 0 6 23 18 19 15 17 11 8 0 24 0 5 2 1 7 12 9 0 20 22 21 0 0 0 0 10
Vehicle #0 : 0 (29) 3 (4) 4 (44) 16 (2) 14 (10) 13 (9) 25 (24) 0
Vehicle #1 : Unused
Vehicle #2 : 0 (25) 6 (24) 23 (9) 18 (5) 19 (5) 15 (5) 17 (18) 11 (9) 8 (12) 0
Vehicle #3 : 0 (15) 24 (15) 0
Vehicle #4 : 0 (15) 5 (6) 2 (9) 1 (8) 7 (36) 12 (15) 9 (23) 0
Vehicle #5 : 0 (10) 20 (3) 22 (4) 21 (12) 0
Vehicle #6 : Unused
Vehicle #7 : Unused
Vehicle #8 : Unused
Vehicle #9 : 0 (17) 10 (17) 0
 Total length : 439.34

Attempt #1 ||
Raw data:
0 24 23 16 15 17 13 25 11 10 21 0 5 18 19 14 12 0 0 0 1 7 3 4 0 22 2 0 0 0 0 20 6 9 8
Vehicle #0 : 0 (15) 24 (19) 23 (20) 16 (5) 15 (5) 17 (4) 13 (9) 25 (13) 11 (3) 10 (11) 21 (12) 0
Vehicle #1 : 0 (15) 5 (29) 18 (5) 19 (9) 14 (3) 12 (38) 0
Vehicle #2 : Unused
Vehicle #3 : Unused
Vehicle #4 : 0 (28) 1 (8) 7 (4) 3 (4) 4 (26) 0
Vehicle #5 : 0 (12) 22 (25) 2 (21) 0
Vehicle #6 : Unused
Vehicle #7 : Unused
Vehicle #8 : Unused
Vehicle #9 : 0 (10) 20 (16) 6 (30) 9 (12) 8 (12) 0
 Total length : 421.85

Attempt #2 ||
Raw data:
0 5 1 7 3 4 0 10 0 24 18 19 15 13 25 0 22 6 23 9 21 0 20 0 0 0 0 0 2 16 14 12 17 11 8
Vehicle #0 : 0 (15) 5 (14) 1 (8) 7 (4) 3 (4) 4 (26) 0
Vehicle #1 : 0 (17) 10 (17) 0
Vehicle #2 : 0 (15) 24 (27) 18 (5) 19 (5) 15 (5) 13 (9) 25 (24) 0
Vehicle #3 : 0 (12) 22 (16) 6 (24) 23 (15) 9 (14) 21 (12) 0
Vehicle #4 : 0 (10) 20 (10) 0
Vehicle #5 : Unused
Vehicle #6 : Unused
Vehicle #7 : Unused
Vehicle #8 : Unused
Vehicle #9 : 0 (21) 2 (29) 16 (2) 14 (3) 12 (12) 17 (18) 11 (9) 8 (12) 0
 Total length : 412.30

Attempt #3 ||
Raw data:
0 2 1 7 3 4 25 0 5 14 12 13 11 10 0 0 20 22 24 6 23 18 19 16 15 17 9 8 21 0 0 0 0 0 0
Vehicle #0 : 0 (21) 2 (9) 1 (8) 7 (4) 3 (4) 4 (38) 25 (24) 0
Vehicle #1 : 0 (15) 5 (28) 14 (3) 12 (10) 13 (14) 11 (3) 10 (17) 0
Vehicle #2 : Unused
Vehicle #3 : 0 (10) 20 (3) 22 (4) 24 (12) 6 (24) 23 (9) 18 (5) 19 (7) 16 (5) 15 (5) 17 (11) 9 (12) 8 (6) 21 (12) 0
Vehicle #4 : Unused
Vehicle #5 : Unused
Vehicle #6 : Unused
Vehicle #7 : Unused
Vehicle #8 : Unused
Vehicle #9 : Unused
Vehicle #10 :  Total length : 322.01

Attempt #4 ||
Raw data:
0 22 23 18 16 14 15 9 10 21 0 5 2 1 7 3 4 19 12 25 0 6 17 13 11 0 20 24 0 8 0 0 0 0 0
Vehicle #0 : 0 (12) 22 (20) 23 (9) 18 (11) 16 (2) 14 (5) 15 (13) 9 (8) 10 (11) 21 (12) 0
Vehicle #1 : 0 (15) 5 (6) 2 (9) 1 (8) 7 (4) 3 (4) 4 (47) 19 (11) 12 (19) 25 (24) 0
Vehicle #2 : 0 (25) 6 (33) 17 (4) 13 (14) 11 (20) 0
Vehicle #3 : 0 (10) 20 (5) 24 (15) 0
Vehicle #4 : 0 (12) 8 (12) 0
Vehicle #5 : Unused
Vehicle #6 : Unused
Vehicle #7 : Unused
Vehicle #8 : Unused
Vehicle #9 : Unused
Vehicle #10 :  Total length : 399.67

Attempt #5 ||
Raw data:
0 2 1 3 4 14 15 17 13 25 10 8 0 22 18 19 16 12 9 11 0 5 7 0 24 6 0 20 23 21 0 0 0 0 0
Vehicle #0 : 0 (21) 2 (9) 1 (12) 3 (4) 4 (42) 14 (5) 15 (5) 17 (4) 13 (9) 25 (13) 10 (6) 8 (12) 0
Vehicle #1 : 0 (12) 22 (26) 18 (5) 19 (7) 16 (5) 12 (15) 9 (7) 11 (20) 0
Vehicle #2 : 0 (15) 5 (17) 7 (27) 0
Vehicle #3 : 0 (15) 24 (12) 6 (25) 0
Vehicle #4 : 0 (10) 20 (23) 23 (19) 21 (12) 0
Vehicle #5 : Unused
Vehicle #6 : Unused
Vehicle #7 : Unused
Vehicle #8 : Unused
Vehicle #9 : Unused
Vehicle #10 :  Total length : 413.46

Attempt #6 ||
Raw data:
0 25 0 0 6 23 18 17 9 11 10 8 0 20 0 22 24 19 16 14 12 15 13 21 0 0 0 0 0 5 2 1 7 3 4
Vehicle #0 : 0 (24) 25 (24) 0
Vehicle #1 : Unused
Vehicle #2 : 0 (25) 6 (24) 23 (9) 18 (3) 17 (11) 9 (7) 11 (3) 10 (6) 8 (12) 0
Vehicle #3 : 0 (10) 20 (10) 0
Vehicle #4 : 0 (12) 22 (4) 24 (32) 19 (7) 16 (2) 14 (3) 12 (7) 15 (5) 13 (21) 21 (12) 0
Vehicle #5 : Unused
Vehicle #6 : Unused
Vehicle #7 : Unused
Vehicle #8 : Unused
Vehicle #9 : 0 (15) 5 (6) 2 (9) 1 (8) 7 (4) 3 (4) 4 (26) 0
 Total length : 343.52

Attempt #7 ||
Raw data:
0 6 23 19 16 14 15 17 0 1 7 3 4 11 10 0 22 24 0 5 20 0 18 13 9 0 0 0 0 0 2 12 25 8 21
Vehicle #0 : 0 (25) 6 (24) 23 (14) 19 (7) 16 (2) 14 (5) 15 (5) 17 (33) 0
Vehicle #1 : 0 (28) 1 (8) 7 (4) 3 (4) 4 (25) 11 (3) 10 (17) 0
Vehicle #2 : 0 (12) 22 (4) 24 (15) 0
Vehicle #3 : 0 (15) 5 (19) 20 (10) 0
Vehicle #4 : 0 (35) 18 (7) 13 (8) 9 (23) 0
Vehicle #5 : Unused
Vehicle #6 : Unused
Vehicle #7 : Unused
Vehicle #8 : Unused
Vehicle #9 : 0 (21) 2 (25) 12 (19) 25 (13) 8 (6) 21 (12) 0
 Total length : 448.96

Attempt #8 ||
Raw data:
0 1 6 23 18 19 14 15 17 13 9 11 8 0 5 2 7 3 4 0 0 20 24 0 21 0 22 0 0 0 0 16 12 25 10
Vehicle #0 : 0 (28) 1 (49) 6 (24) 23 (9) 18 (5) 19 (9) 14 (5) 15 (5) 17 (4) 13 (8) 9 (7) 11 (9) 8 (12) 0
Vehicle #1 : 0 (15) 5 (6) 2 (13) 7 (4) 3 (4) 4 (26) 0
Vehicle #2 : Unused
Vehicle #3 : 0 (10) 20 (5) 24 (15) 0
Vehicle #4 : 0 (12) 21 (12) 0
Vehicle #5 : 0 (12) 22 (12) 0
Vehicle #6 : Unused
Vehicle #7 : Unused
Vehicle #8 : Unused
Vehicle #9 : 0 (40) 16 (5) 12 (19) 25 (13) 10 (17) 0
 Total length : 412.95

Attempt #9 ||
Raw data:
0 5 2 3 19 14 15 17 25 9 8 21 0 20 22 6 23 18 16 12 13 11 10 0 24 0 1 7 4 0 0 0 0 0 0
Vehicle #0 : 0 (15) 5 (6) 2 (17) 3 (48) 19 (9) 14 (5) 15 (5) 17 (10) 25 (7) 9 (12) 8 (6) 21 (12) 0
Vehicle #1 : 0 (10) 20 (3) 22 (16) 6 (24) 23 (9) 18 (11) 16 (5) 12 (10) 13 (14) 11 (3) 10 (17) 0
Vehicle #2 : 0 (15) 24 (15) 0
Vehicle #3 : 0 (28) 1 (8) 7 (4) 4 (26) 0
Vehicle #4 : Unused
Vehicle #5 : Unused
Vehicle #6 : Unused
Vehicle #7 : Unused
Vehicle #8 : Unused
Vehicle #9 : Unused
Vehicle #10 :  Total length : 369.59

Summary:
Average length: 398.36 (+-51.85%)
Minimal length: 322.01 (+-61.08%)