50 rep: 2522 sec

R=10

Called function with 20 Blocks:

Attempt #0 ||
Raw data:
0 5 94 91 29 57 86 45 76 71 9 0 52 20 74 36 25 41 0 96 21 27 66 65 56 23 47 0 12 93 62 30 55 89 84 19 0 95 2 37 34 50 100 92 54 18 13 87 90 0 0 3 67 99 32 33 39 14 0 31 72 7 97 53 44 42 11 10 0 48 60 16 0 83 82 59 26 6 4 43 78 0 98 1 69 15 77 0 22 24 61 46 70 8 0 28 17 73 79 0 75 85 64 68 35 49 38 58 40 51 80 81 0 63 88
Vehicle #0 : 0 (15) 5 (29) 94 (23) 91 (41) 29 (39) 57 (49) 86 (44) 45 (60) 76 (5) 71 (76) 9 (23) 0
Vehicle #1 : 0 (21) 52 (16) 20 (27) 74 (49) 36 (27) 25 (36) 41 (19) 0
Vehicle #2 : 0 (24) 96 (36) 21 (8) 27 (29) 66 (10) 65 (20) 56 (66) 23 (35) 47 (18) 0
Vehicle #3 : 0 (38) 12 (32) 93 (24) 62 (36) 30 (46) 55 (51) 89 (15) 84 (59) 19 (39) 0
Vehicle #4 : 0 (37) 95 (20) 2 (52) 37 (8) 34 (22) 50 (60) 100 (12) 92 (79) 54 (70) 18 (7) 13 (51) 87 (10) 90 (21) 0
Vehicle #5 : Unused
Vehicle #6 : 0 (29) 3 (33) 67 (41) 99 (60) 32 (2) 33 (9) 39 (46) 14 (39) 0
Vehicle #7 : 0 (34) 31 (43) 72 (40) 7 (15) 97 (82) 53 (19) 44 (12) 42 (37) 11 (3) 10 (17) 0
Vehicle #8 : 0 (11) 48 (35) 60 (81) 16 (40) 0
Vehicle #9 : 0 (32) 83 (3) 82 (58) 59 (60) 26 (22) 6 (50) 4 (41) 43 (45) 78 (39) 0
Vehicle #10 : 0 (31) 98 (6) 1 (41) 69 (51) 15 (63) 77 (32) 0
Vehicle #11 : 0 (12) 22 (4) 24 (32) 61 (17) 46 (61) 70 (68) 8 (12) 0
Vehicle #12 : 0 (36) 28 (24) 17 (87) 73 (5) 79 (51) 0
Vehicle #13 : 0 (16) 75 (45) 85 (41) 64 (6) 68 (37) 35 (46) 49 (52) 38 (52) 58 (13) 40 (16) 51 (60) 80 (10) 81 (47) 0
Vehicle #14 : 0 (14) 63 (25) 88 (27) 0
 Total length : 3857.32

Attempt #1 ||
Raw data:
0 85 99 65 0 34 82 83 59 31 6 38 54 53 40 45 51 73 79 11 10 0 94 50 30 29 36 19 47 0 48 93 39 0 95 63 35 80 43 78 77 0 1 22 27 92 23 15 13 9 42 0 52 68 17 87 0 57 81 0 96 5 24 97 89 58 18 14 8 0 3 26 37 64 4 28 88 84 76 0 75 2 21 32 55 25 90 0 98 91 72 74 61 100 49 60 86 44 46 41 0 7 0 20 67 62 66 33 56 16 0 12 69 71 70
Vehicle #0 : 0 (46) 85 (46) 99 (56) 65 (25) 0
Vehicle #1 : 0 (32) 34 (68) 82 (3) 83 (56) 59 (38) 31 (9) 6 (16) 38 (52) 54 (5) 53 (15) 40 (13) 45 (5) 51 (67) 73 (5) 79 (65) 11 (3) 10 (17) 0
Vehicle #2 : 0 (41) 94 (63) 50 (24) 30 (5) 29 (16) 36 (36) 19 (47) 47 (18) 0
Vehicle #3 : 0 (11) 48 (19) 93 (44) 39 (40) 0
Vehicle #4 : 0 (37) 95 (42) 63 (45) 35 (81) 80 (53) 43 (45) 78 (8) 77 (32) 0
Vehicle #5 : 0 (28) 1 (33) 22 (5) 27 (55) 92 (56) 23 (15) 15 (5) 13 (8) 9 (38) 42 (19) 0
Vehicle #6 : 0 (21) 52 (18) 68 (51) 17 (54) 87 (24) 0
Vehicle #7 : 0 (35) 57 (51) 81 (47) 0
Vehicle #8 : 0 (24) 96 (32) 5 (23) 24 (49) 97 (21) 89 (62) 58 (74) 18 (12) 14 (28) 8 (12) 0
Vehicle #9 : 0 (29) 3 (54) 26 (23) 37 (47) 64 (38) 4 (57) 28 (61) 88 (5) 84 (30) 76 (52) 0
Vehicle #10 : 0 (16) 75 (5) 2 (21) 21 (26) 32 (41) 55 (55) 25 (40) 90 (21) 0
Vehicle #11 : 0 (31) 98 (15) 91 (31) 72 (5) 74 (6) 61 (55) 100 (65) 49 (20) 60 (59) 86 (49) 44 (5) 46 (7) 41 (19) 0
Vehicle #12 : 0 (27) 7 (27) 0
Vehicle #13 : 0 (10) 20 (20) 67 (6) 62 (3) 66 (39) 33 (47) 56 (82) 16 (40) 0
Vehicle #14 : 0 (38) 12 (54) 69 (50) 71 (5) 70 (59) 0
 Total length : 3747.79

Attempt #2 ||
Raw data:
0 0 98 1 75 2 48 5 7 51 70 78 0 82 21 50 34 26 6 32 69 65 53 56 60 57 19 16 76 71 47 90 0 0 31 43 0 12 22 92 58 86 73 0 0 0 93 20 62 27 36 9 81 0 96 39 23 40 14 0 94 72 52 29 66 54 44 17 42 11 10 77 0 37 24 99 64 49 55 88 84 18 46 45 25 8 87 0 59 91 85 3 83 33 35 38 28 13 0 67 63 30 61 100 89 15 79 41 0 95 74 97 68 4 80
Vehicle #0 : Unused
Vehicle #1 : 0 (31) 98 (6) 1 (12) 75 (5) 2 (31) 48 (26) 5 (17) 7 (52) 51 (70) 70 (20) 78 (39) 0
Vehicle #2 : 0 (35) 82 (45) 21 (24) 50 (22) 34 (17) 26 (22) 6 (6) 32 (35) 69 (10) 65 (20) 53 (4) 56 (5) 60 (10) 57 (69) 19 (7) 16 (86) 76 (5) 71 (65) 47 (36) 90 (21) 0
Vehicle #3 : Unused
Vehicle #4 : 0 (34) 31 (23) 43 (17) 0
Vehicle #5 : 0 (38) 12 (33) 22 (51) 92 (85) 58 (57) 86 (36) 73 (56) 0
Vehicle #6 : Unused
Vehicle #7 : Unused
Vehicle #8 : 0 (8) 93 (14) 20 (25) 62 (32) 27 (19) 36 (34) 9 (67) 81 (47) 0
Vehicle #9 : 0 (24) 96 (62) 39 (25) 23 (53) 40 (68) 14 (39) 0
Vehicle #10 : 0 (41) 94 (53) 72 (28) 52 (16) 29 (31) 66 (25) 54 (14) 44 (57) 17 (46) 42 (37) 11 (3) 10 (43) 77 (32) 0
Vehicle #11 : 0 (39) 37 (25) 24 (42) 99 (50) 64 (10) 49 (8) 55 (51) 88 (5) 84 (58) 18 (53) 46 (6) 45 (37) 25 (13) 8 (33) 87 (24) 0
Vehicle #12 : 0 (40) 59 (55) 91 (30) 85 (33) 3 (17) 83 (66) 33 (6) 35 (7) 38 (16) 28 (27) 13 (31) 0
Vehicle #13 : 0 (12) 67 (3) 63 (34) 30 (39) 61 (55) 100 (21) 89 (39) 15 (84) 79 (52) 41 (19) 0
Vehicle #14 : 0 (37) 95 (46) 74 (50) 97 (58) 68 (40) 4 (48) 80 (51) 0
 Total length : 3700.71

Attempt #3 ||
Raw data:
0 20 63 87 0 75 85 62 35 39 86 17 0 7 22 27 61 6 69 89 46 73 41 0 34 93 24 30 99 100 65 49 51 80 0 21 52 72 50 58 84 71 9 0 29 0 59 66 68 54 16 14 15 25 11 10 0 2 33 53 60 44 76 47 0 1 12 98 82 96 95 92 4 81 0 67 55 56 88 45 43 42 0 8 0 94 97 28 40 19 13 0 37 91 3 26 31 32 38 23 78 0 5 74 64 36 57 18 70 79 77 90 0 83 48
Vehicle #0 : 0 (10) 20 (22) 63 (15) 87 (24) 0
Vehicle #1 : 0 (16) 75 (45) 85 (38) 62 (45) 35 (11) 39 (67) 86 (52) 17 (33) 0
Vehicle #2 : 0 (27) 7 (35) 22 (5) 27 (35) 61 (36) 6 (30) 69 (31) 89 (45) 46 (58) 73 (57) 41 (19) 0
Vehicle #3 : 0 (32) 34 (36) 93 (19) 24 (7) 30 (43) 99 (5) 100 (61) 65 (6) 49 (25) 51 (60) 80 (51) 0
Vehicle #4 : 0 (12) 21 (22) 52 (28) 72 (27) 50 (30) 58 (62) 84 (34) 71 (76) 9 (23) 0
Vehicle #5 : 0 (20) 29 (20) 0
Vehicle #6 : 0 (40) 59 (27) 66 (7) 68 (20) 54 (78) 16 (2) 14 (5) 15 (14) 25 (13) 11 (3) 10 (17) 0
Vehicle #7 : 0 (21) 2 (48) 33 (50) 53 (9) 60 (15) 44 (60) 76 (60) 47 (18) 0
Vehicle #8 : 0 (28) 1 (29) 12 (34) 98 (26) 82 (20) 96 (40) 95 (7) 92 (20) 4 (40) 81 (47) 0
Vehicle #9 : 0 (12) 67 (25) 55 (10) 56 (60) 88 (46) 45 (6) 43 (3) 42 (19) 0
Vehicle #10 : 0 (12) 8 (12) 0
Vehicle #11 : 0 (41) 94 (6) 97 (64) 28 (49) 40 (65) 19 (9) 13 (31) 0
Vehicle #12 : 0 (39) 37 (61) 91 (9) 3 (54) 26 (27) 31 (5) 32 (10) 38 (30) 23 (69) 78 (39) 0
Vehicle #13 : 0 (15) 5 (32) 74 (7) 64 (46) 36 (45) 57 (64) 18 (92) 70 (8) 79 (21) 77 (16) 90 (21) 0
Vehicle #14 : 0 (32) 83 (39) 48 (11) 0
 Total length : 3516.81

Attempt #4 ||
Raw data:
0 94 99 97 92 4 89 19 76 71 42 81 77 0 59 63 9 0 96 62 64 69 65 39 70 80 87 0 17 0 5 95 85 82 72 52 35 56 86 14 51 13 8 0 7 20 29 44 0 21 30 23 0 37 83 26 38 36 40 73 0 2 93 33 57 0 75 1 3 48 66 68 46 45 10 78 0 12 24 61 25 11 0 50 31 27 74 100 32 49 55 58 60 84 18 15 47 43 79 41 0 67 22 54 28 90 0 91 34 6 88 16 0 98 53
Vehicle #0 : 0 (41) 94 (10) 99 (7) 97 (7) 92 (20) 4 (4) 89 (44) 19 (87) 76 (5) 71 (62) 42 (52) 81 (16) 77 (32) 0
Vehicle #1 : 0 (40) 59 (32) 63 (37) 9 (23) 0
Vehicle #2 : 0 (24) 96 (13) 62 (5) 64 (6) 69 (10) 65 (48) 39 (96) 70 (11) 80 (30) 87 (24) 0
Vehicle #3 : 0 (33) 17 (33) 0
Vehicle #4 : 0 (15) 5 (25) 95 (42) 85 (14) 82 (33) 72 (28) 52 (20) 35 (46) 56 (56) 86 (53) 14 (55) 51 (45) 13 (19) 8 (12) 0
Vehicle #5 : 0 (27) 7 (34) 20 (10) 29 (32) 44 (31) 0
Vehicle #6 : 0 (12) 21 (10) 30 (13) 23 (31) 0
Vehicle #7 : 0 (39) 37 (72) 83 (64) 26 (23) 38 (7) 36 (41) 40 (57) 73 (56) 0
Vehicle #8 : 0 (21) 2 (12) 93 (38) 33 (39) 57 (35) 0
Vehicle #9 : 0 (16) 75 (12) 1 (12) 3 (39) 48 (12) 66 (7) 68 (9) 46 (6) 45 (36) 10 (50) 78 (39) 0
Vehicle #10 : 0 (38) 12 (35) 24 (32) 61 (46) 25 (13) 11 (20) 0
Vehicle #11 : 0 (23) 50 (16) 31 (21) 27 (34) 74 (50) 100 (64) 32 (43) 49 (8) 55 (11) 58 (3) 60 (64) 84 (58) 18 (7) 15 (46) 47 (3) 43 (54) 79 (52) 41 (19) 0
Vehicle #12 : 0 (12) 67 (22) 22 (44) 54 (59) 28 (56) 90 (21) 0
Vehicle #13 : 0 (22) 91 (54) 34 (9) 6 (52) 88 (51) 16 (40) 0
Vehicle #14 : 0 (31) 98 (71) 53 (45) 0
 Total length : 3615.40

Attempt #5 ||
Raw data:
0 21 93 62 29 32 33 54 40 0 98 99 66 68 0 31 20 35 86 79 78 0 52 74 0 12 63 27 56 60 18 19 45 51 70 77 0 2 50 59 34 6 53 28 84 0 72 44 16 13 0 22 24 61 100 92 15 47 0 7 48 25 42 11 0 88 57 0 94 87 0 75 82 96 97 69 38 36 4 89 46 14 9 41 8 0 37 3 83 1 91 85 55 58 73 80 43 90 0 67 30 64 65 49 39 23 76 71 81 10 0 95 26 17 5
Vehicle #0 : 0 (12) 21 (12) 93 (24) 62 (34) 29 (14) 32 (2) 33 (45) 54 (10) 40 (32) 0
Vehicle #1 : 0 (31) 98 (6) 99 (46) 66 (7) 68 (20) 0
Vehicle #2 : 0 (34) 31 (25) 20 (29) 35 (64) 86 (33) 79 (13) 78 (39) 0
Vehicle #3 : 0 (21) 52 (28) 74 (20) 0
Vehicle #4 : 0 (38) 12 (51) 63 (30) 27 (50) 56 (5) 60 (73) 18 (5) 19 (52) 45 (5) 51 (70) 70 (27) 77 (32) 0
Vehicle #5 : 0 (21) 2 (42) 50 (25) 59 (46) 34 (9) 6 (46) 53 (64) 28 (66) 84 (31) 0
Vehicle #6 : 0 (24) 72 (23) 44 (66) 16 (10) 13 (31) 0
Vehicle #7 : 0 (12) 22 (4) 24 (32) 61 (55) 100 (12) 92 (47) 15 (46) 47 (18) 0
Vehicle #8 : 0 (27) 7 (37) 48 (30) 25 (36) 42 (37) 11 (20) 0
Vehicle #9 : 0 (27) 88 (52) 57 (35) 0
Vehicle #10 : 0 (41) 94 (36) 87 (24) 0
Vehicle #11 : 0 (16) 75 (32) 82 (20) 96 (45) 97 (52) 69 (45) 38 (7) 36 (59) 4 (4) 89 (45) 46 (61) 14 (16) 9 (39) 41 (28) 8 (12) 0
Vehicle #12 : 0 (39) 37 (67) 3 (17) 83 (28) 1 (17) 91 (30) 85 (54) 55 (11) 58 (60) 73 (9) 80 (53) 43 (34) 90 (21) 0
Vehicle #13 : 0 (12) 67 (31) 30 (38) 64 (6) 65 (6) 49 (54) 39 (25) 23 (82) 76 (5) 71 (10) 81 (59) 10 (17) 0
Vehicle #14 : 0 (37) 95 (57) 26 (16) 17 (26) 5 (15) 0
 Total length : 3588.32

Attempt #6 ||
Raw data:
0 0 75 22 29 35 0 82 1 72 100 55 60 14 51 43 42 10 0 31 91 34 26 3 37 85 49 58 19 44 76 81 0 48 93 24 39 54 88 17 13 47 78 0 52 20 62 64 66 97 92 79 90 0 50 6 25 0 0 96 59 69 38 16 0 98 5 12 61 99 84 15 0 7 94 30 28 18 40 46 71 73 80 11 8 0 67 63 27 68 53 89 45 70 0 83 95 74 36 56 77 0 21 4 23 9 41 0 2 32 33 65 57 86 87
Vehicle #0 : Unused
Vehicle #1 : 0 (16) 75 (21) 22 (8) 29 (21) 35 (38) 0
Vehicle #2 : 0 (35) 82 (30) 1 (45) 72 (55) 100 (71) 55 (12) 60 (81) 14 (55) 51 (9) 43 (3) 42 (34) 10 (17) 0
Vehicle #3 : 0 (34) 31 (56) 91 (54) 34 (17) 26 (54) 3 (67) 37 (84) 85 (46) 49 (18) 58 (78) 19 (62) 44 (60) 76 (5) 81 (47) 0
Vehicle #4 : 0 (11) 48 (19) 93 (19) 24 (25) 39 (55) 54 (55) 88 (49) 17 (4) 13 (41) 47 (48) 78 (39) 0
Vehicle #5 : 0 (21) 52 (16) 20 (25) 62 (5) 64 (5) 66 (52) 97 (7) 92 (59) 79 (37) 90 (21) 0
Vehicle #6 : 0 (23) 50 (14) 6 (25) 25 (24) 0
Vehicle #7 : Unused
Vehicle #8 : 0 (24) 96 (38) 59 (26) 69 (45) 38 (49) 16 (40) 0
Vehicle #9 : 0 (31) 98 (19) 5 (26) 12 (60) 61 (50) 99 (27) 84 (55) 15 (36) 0
Vehicle #10 : 0 (27) 7 (14) 94 (52) 30 (16) 28 (23) 18 (61) 40 (7) 46 (62) 71 (6) 73 (9) 80 (67) 11 (9) 8 (12) 0
Vehicle #11 : 0 (12) 67 (3) 63 (30) 27 (29) 68 (25) 53 (60) 89 (43) 45 (65) 70 (59) 0
Vehicle #12 : 0 (32) 83 (27) 95 (46) 74 (49) 36 (53) 56 (51) 77 (32) 0
Vehicle #13 : 0 (12) 21 (32) 4 (46) 23 (15) 9 (39) 41 (19) 0
Vehicle #14 : 0 (21) 2 (46) 32 (2) 33 (39) 65 (12) 57 (49) 86 (9) 87 (24) 0
 Total length : 3805.13

Attempt #7 ||
Raw data:
0 63 76 0 95 85 74 64 33 55 54 58 88 57 40 45 51 80 42 0 0 52 37 86 17 73 41 0 31 12 1 0 91 7 98 30 100 97 60 90 0 94 22 14 0 3 62 61 66 68 4 19 16 15 0 96 50 83 59 6 32 35 38 39 36 71 25 79 78 0 82 72 48 21 29 53 28 44 13 9 10 77 87 0 34 65 49 43 81 0 75 5 2 27 99 56 84 23 18 70 47 0 93 67 92 0 20 69 89 46 11 8 0 26 24
Vehicle #0 : 0 (14) 63 (40) 76 (52) 0
Vehicle #1 : 0 (37) 95 (42) 85 (35) 74 (7) 64 (41) 33 (42) 55 (5) 54 (6) 58 (61) 88 (52) 57 (4) 40 (13) 45 (5) 51 (60) 80 (52) 42 (19) 0
Vehicle #2 : Unused
Vehicle #3 : 0 (21) 52 (24) 37 (66) 86 (52) 17 (87) 73 (57) 41 (19) 0
Vehicle #4 : 0 (34) 31 (52) 12 (29) 1 (28) 0
Vehicle #5 : 0 (22) 91 (10) 7 (5) 98 (43) 30 (46) 100 (5) 97 (84) 60 (56) 90 (21) 0
Vehicle #6 : 0 (41) 94 (48) 22 (34) 14 (39) 0
Vehicle #7 : 0 (29) 3 (36) 62 (5) 61 (6) 66 (7) 68 (40) 4 (47) 19 (7) 16 (5) 15 (36) 0
Vehicle #8 : 0 (24) 96 (37) 50 (51) 83 (56) 59 (39) 6 (6) 32 (7) 35 (7) 38 (5) 39 (5) 36 (91) 71 (79) 25 (74) 79 (13) 78 (39) 0
Vehicle #9 : 0 (35) 82 (33) 72 (20) 48 (17) 21 (12) 29 (51) 53 (64) 28 (45) 44 (56) 13 (8) 9 (8) 10 (43) 77 (8) 87 (24) 0
Vehicle #10 : 0 (32) 34 (41) 65 (6) 49 (21) 43 (52) 81 (47) 0
Vehicle #11 : 0 (16) 75 (3) 5 (6) 2 (28) 27 (43) 99 (76) 56 (61) 84 (57) 23 (9) 18 (92) 70 (65) 47 (18) 0
Vehicle #12 : 0 (8) 93 (19) 67 (49) 92 (44) 0
Vehicle #13 : 0 (10) 20 (21) 69 (31) 89 (45) 46 (44) 11 (9) 8 (12) 0
Vehicle #14 : 0 (34) 26 (21) 24 (15) 0
 Total length : 3723.71

Attempt #8 ||
Raw data:
0 50 82 99 45 76 79 87 0 30 33 35 43 0 95 22 24 6 100 56 28 80 42 81 78 8 0 96 26 61 69 65 36 16 51 15 17 0 7 0 98 3 37 85 97 92 4 89 57 44 70 11 77 0 94 34 12 21 72 5 47 0 52 2 31 64 49 53 40 46 0 83 86 19 71 73 0 91 48 62 60 84 25 90 0 20 63 68 41 0 1 75 59 66 55 54 88 23 18 14 0 93 27 74 32 38 39 58 9 10 0 67 29 0 13
Vehicle #0 : 0 (23) 50 (54) 82 (32) 99 (56) 45 (60) 76 (6) 79 (28) 87 (24) 0
Vehicle #1 : 0 (21) 30 (19) 33 (6) 35 (28) 43 (17) 0
Vehicle #2 : 0 (37) 95 (44) 22 (4) 24 (12) 6 (58) 100 (81) 56 (62) 28 (86) 80 (52) 42 (52) 81 (9) 78 (48) 8 (12) 0
Vehicle #3 : 0 (24) 96 (58) 26 (53) 61 (7) 69 (10) 65 (44) 36 (43) 16 (55) 51 (50) 15 (5) 17 (33) 0
Vehicle #4 : 0 (27) 7 (27) 0
Vehicle #5 : 0 (31) 98 (7) 3 (67) 37 (84) 85 (47) 97 (7) 92 (20) 4 (4) 89 (52) 57 (8) 44 (64) 70 (72) 11 (44) 77 (32) 0
Vehicle #6 : 0 (41) 94 (68) 34 (43) 12 (29) 21 (35) 72 (37) 5 (32) 47 (18) 0
Vehicle #7 : 0 (21) 52 (40) 2 (49) 31 (38) 64 (10) 49 (16) 53 (15) 40 (7) 46 (26) 0
Vehicle #8 : 0 (32) 83 (6) 86 (57) 19 (92) 71 (6) 73 (56) 0
Vehicle #9 : 0 (22) 91 (31) 48 (15) 62 (34) 60 (64) 84 (49) 25 (40) 90 (21) 0
Vehicle #10 : 0 (10) 20 (22) 63 (13) 68 (7) 41 (19) 0
Vehicle #11 : 0 (28) 1 (12) 75 (55) 59 (27) 66 (21) 55 (5) 54 (55) 88 (51) 23 (9) 18 (12) 14 (39) 0
Vehicle #12 : 0 (8) 93 (20) 27 (34) 74 (43) 32 (10) 38 (5) 39 (55) 58 (66) 9 (8) 10 (17) 0
Vehicle #13 : 0 (12) 67 (29) 29 (20) 0
Vehicle #14 : 0 (31) 13 (31) 0
 Total length : 3731.39

Attempt #9 ||
Raw data:
0 22 30 29 15 43 8 77 87 0 72 20 62 74 100 66 69 68 40 46 71 90 0 7 3 91 64 92 35 49 70 79 11 78 0 48 50 24 61 84 86 0 83 1 56 60 42 0 96 67 27 23 41 0 34 21 31 52 39 36 9 0 94 98 99 32 65 54 19 16 45 73 80 0 97 0 6 89 0 37 82 2 28 0 85 4 76 17 0 5 12 75 26 59 55 53 58 88 57 18 14 13 25 10 0 95 63 33 38 44 51 47 0 93 81
Vehicle #0 : 0 (12) 22 (9) 30 (5) 29 (30) 15 (47) 43 (25) 8 (41) 77 (8) 87 (24) 0
Vehicle #1 : 0 (24) 72 (30) 20 (25) 62 (3) 74 (50) 100 (51) 66 (2) 69 (6) 68 (13) 40 (7) 46 (62) 71 (40) 90 (21) 0
Vehicle #2 : 0 (27) 7 (4) 3 (9) 91 (32) 64 (58) 92 (80) 35 (46) 49 (48) 70 (8) 79 (65) 11 (52) 78 (39) 0
Vehicle #3 : 0 (11) 48 (13) 50 (18) 24 (32) 61 (34) 84 (5) 86 (26) 0
Vehicle #4 : 0 (32) 83 (28) 1 (71) 56 (5) 60 (27) 42 (19) 0
Vehicle #5 : 0 (24) 96 (15) 67 (27) 27 (17) 23 (40) 41 (19) 0
Vehicle #6 : 0 (32) 34 (25) 21 (29) 31 (15) 52 (27) 39 (5) 36 (34) 9 (23) 0
Vehicle #7 : 0 (41) 94 (10) 98 (6) 99 (60) 32 (37) 65 (15) 54 (75) 19 (7) 16 (56) 45 (62) 73 (9) 80 (51) 0
Vehicle #8 : 0 (40) 97 (40) 0
Vehicle #9 : 0 (25) 6 (46) 89 (21) 0
Vehicle #10 : 0 (39) 37 (75) 82 (34) 2 (44) 28 (36) 0
Vehicle #11 : 0 (46) 85 (33) 4 (43) 76 (82) 17 (33) 0
Vehicle #12 : 0 (15) 5 (26) 12 (28) 75 (37) 26 (60) 59 (6) 55 (10) 53 (6) 58 (61) 88 (52) 57 (64) 18 (12) 14 (10) 13 (9) 25 (13) 10 (17) 0
Vehicle #13 : 0 (37) 95 (42) 63 (42) 33 (8) 38 (38) 44 (12) 51 (7) 47 (18) 0
Vehicle #14 : 0 (8) 93 (49) 81 (47) 0
 Total length : 3461.07

Summary:
Average length: 3674.76 (+523.79%)
Minimal length: 3461.07 (+487.52%)
Fail Rate: 0 %

Opening file "VRPTW_C202_100.txt"!
Given block number : 20
Given rep number : 10
Given Serial Try number : 10
Closing file!
Maximum number of vehicles: 15
Truck capacity : 700
Capacities: 0 10 30 10 10 10 20 20 20 10 10 10 20 30 10 40 40 20 20 10 10 20 20 10 10 40 10 10 20 10 10 20 30 40 20 10 10 20 30 20 10 10 20 10 10 10 30 10 10 10 10 10 10 20 40 10 30 40 30 10 20 10 20 50 10 10 10 10 10 10 30 20 10 10 50 20 10 10 20 10 10 30 20 10 20 30 10 20 30 10 10 10 20 40 10 30 10 30 20 10 20
Given Dist matrix:
0.00 27.73 20.62 29.07 25.61 15.13 25.30 26.91 11.66 23.32 16.76 19.65 38.08 30.81 39.36 36.06 40.31 33.30 35.36 39.05 10.00 11.66 12.17 30.53 15.00 24.08 34.18 17.12 36.35 20.00 20.62 33.54 31.62 33.53 32.39 38.08 35.36 39.29 41.23 40.31 32.25 18.68 19.31 16.55 31.05 22.36 25.71 18.03 10.77 31.05 22.80 25.00 21.21 45.18 40.05 35.06 45.00 35.06 45.04 40.05 45.28 22.36 18.03 14.14 21.54 25.32 16.55 12.21 20.10 15.81 58.52 57.01 23.85 55.71 19.85 15.81 52.20 32.39 39.29 51.08 51.48 47.43 35.36 32.39 31.05 46.17 26.48 24.33 26.93 21.26 20.62 22.36 44.20 8.25 40.61 37.20 24.17 40.31 30.81 33.54 38.08
27.73 0.00 8.60 11.66 12.04 14.14 48.84 7.81 23.43 24.52 19.24 18.03 28.79 30.00 31.62 32.39 33.53 34.00 37.00 37.34 33.30 29.07 33.24 39.05 36.80 31.32 45.88 37.01 52.00 40.61 37.74 58.00 54.67 56.22 53.25 61.72 55.76 61.03 62.68 60.03 59.20 46.24 47.01 44.28 58.52 50.09 53.14 45.65 38.48 55.15 50.25 52.48 48.26 70.46 65.76 60.83 71.02 61.61 71.39 66.49 72.03 45.04 40.05 35.06 45.18 50.64 40.31 35.36 46.10 40.61 62.24 58.73 45.01 60.21 40.01 12.21 55.17 36.06 43.60 57.01 59.91 51.86 30.48 28.28 24.76 44.69 24.41 31.38 19.85 11.70 21.54 17.00 18.03 19.72 14.76 11.18 36.40 12.81 6.00 5.83 10.44
20.62 8.60 0.00 17.03 15.52 5.83 40.31 13.00 14.87 17.00 10.77 10.05 25.00 23.54 27.46 26.93 29.15 27.46 30.41 31.62 25.00 20.52 24.76 31.26 28.28 23.35 37.85 28.43 43.66 32.02 29.15 49.50 46.10 47.63 44.65 53.15 47.17 52.43 54.08 51.48 52.77 39.29 39.85 37.00 51.66 42.72 46.32 38.08 31.32 50.09 42.49 44.72 40.31 65.01 60.07 55.08 65.19 55.44 65.38 60.41 65.76 40.31 35.36 30.41 40.11 45.01 35.06 30.07 40.11 35.00 64.03 61.03 40.79 61.72 35.90 5.00 57.01 36.80 44.60 58.00 60.21 53.15 33.54 30.89 27.73 47.51 25.81 30.61 22.36 12.53 21.21 18.03 26.63 12.37 23.32 19.72 34.48 21.21 13.93 14.14 18.03
29.07 11.66 17.03 0.00 3.61 20.40 53.34 4.12 29.41 34.01 27.17 27.00 40.31 40.45 43.08 43.42 44.94 44.41 47.38 48.27 37.22 34.54 38.01 48.09 41.59 40.11 54.45 42.54 59.67 46.10 44.27 62.13 59.54 61.29 59.09 66.37 61.85 66.64 68.45 66.48 57.25 45.80 47.01 44.69 57.45 50.45 52.15 46.69 38.95 50.96 51.62 53.76 50.25 66.48 62.30 57.58 67.68 59.09 68.35 63.69 69.46 40.80 36.06 31.38 41.44 47.54 37.16 32.65 43.83 38.01 51.09 47.38 40.02 49.20 35.17 17.46 44.05 26.00 33.12 46.32 49.65 41.05 19.10 17.20 13.60 33.24 14.56 23.09 9.49 7.81 14.14 9.22 16.76 22.83 13.34 11.00 29.00 16.12 7.21 13.04 17.46
25.61 12.04 15.52 3.61 0.00 18.03 50.12 4.47 26.68 32.25 25.00 25.18 39.82 39.05 42.49 42.38 44.28 42.95 45.89 47.13 34.00 31.62 34.93 46.00 38.48 38.00 52.15 39.56 57.07 43.08 41.48 58.83 56.36 58.14 56.08 63.13 58.87 63.56 65.39 63.57 53.67 42.20 43.42 41.11 53.85 46.86 48.55 43.14 35.38 47.54 48.08 50.21 46.75 63.06 58.82 54.08 64.20 55.54 64.85 60.17 65.92 37.36 32.57 27.86 37.95 44.01 33.62 29.07 40.25 34.44 50.21 46.75 36.67 48.17 31.78 15.03 43.14 24.19 31.62 45.00 48.02 39.82 18.60 16.28 12.81 32.80 12.53 20.40 7.81 4.47 11.00 6.00 20.25 19.70 16.76 14.14 26.08 19.00 9.22 14.87 19.65
15.13 14.14 5.83 20.40 18.03 0.00 34.71 16.76 9.43 14.87 7.07 8.06 26.25 22.36 28.28 26.63 29.73 26.00 28.79 30.89 19.21 15.00 19.10 28.02 22.67 20.02 34.13 23.02 39.29 26.63 24.17 43.86 40.61 42.20 39.45 47.63 42.06 47.17 48.88 46.52 47.38 33.73 34.21 31.32 46.10 37.00 40.79 32.31 25.71 45.40 36.67 38.91 34.48 60.03 55.00 50.00 60.03 50.16 60.13 55.15 60.41 35.90 31.05 26.25 35.51 40.05 30.41 25.50 35.00 30.15 63.51 60.90 36.69 61.03 31.95 3.00 56.60 36.06 43.83 57.01 58.73 52.43 34.48 31.62 28.86 47.93 26.00 29.07 23.54 14.04 20.59 18.68 32.02 7.00 28.60 25.00 32.02 26.91 18.87 19.85 23.85
25.30 48.84 40.31 53.34 50.12 34.71 0.00 50.48 25.46 30.46 30.61 33.02 43.93 33.54 43.42 38.21 43.19 33.06 33.02 38.01 16.12 19.80 15.62 24.08 12.04 24.74 21.54 12.21 17.69 8.94 13.60 9.22 6.32 8.25 8.54 13.04 11.40 14.14 16.12 16.28 31.24 21.47 19.72 18.38 27.20 18.44 24.76 15.65 20.10 38.83 14.14 15.00 11.40 46.40 41.23 37.48 44.10 34.83 43.05 38.83 41.59 36.06 34.71 34.06 34.18 32.76 31.78 31.06 28.64 29.83 79.91 79.31 38.90 76.94 37.66 37.01 74.33 56.08 62.03 72.01 71.06 69.35 60.42 57.49 56.32 70.11 51.66 48.17 52.20 45.65 45.88 47.54 66.71 30.53 63.25 59.67 46.04 61.52 53.41 54.45 58.05
26.91 7.81 13.00 4.12 4.47 16.76 50.48 0.00 26.00 30.00 23.35 23.02 36.25 36.35 39.00 39.29 40.85 40.31 43.29 44.15 34.41 31.30 34.99 44.18 38.59 36.22 50.64 39.36 56.04 42.94 40.85 59.41 56.60 58.31 55.90 63.51 58.60 63.53 65.30 63.16 56.46 44.42 45.49 43.01 56.36 48.83 51.00 44.82 37.20 50.99 49.68 51.86 48.10 66.49 62.10 57.28 67.45 58.52 68.01 63.25 68.95 40.79 35.90 31.05 41.23 47.13 36.69 31.95 43.08 37.34 54.49 50.93 40.31 52.50 35.36 13.93 47.42 28.65 36.06 49.41 52.48 44.20 22.67 20.52 16.97 36.88 17.00 24.74 12.21 6.32 15.13 10.20 17.49 20.00 13.89 10.77 30.27 15.13 5.00 10.44 15.30
11.66 23.43 14.87 29.41 26.68 9.43 25.46 26.00 0.00 11.66 6.08 9.06 26.57 19.21 27.73 24.41 28.65 21.93 24.21 27.59 10.77 5.66 10.00 20.88 13.45 13.42 26.08 13.60 30.41 17.20 14.87 34.66 31.24 32.80 30.02 38.29 32.65 37.74 39.45 37.16 42.05 28.02 28.02 25.02 40.05 30.27 35.00 25.32 20.10 42.38 29.12 31.32 26.57 55.90 50.64 45.71 55.33 45.18 55.15 50.16 55.01 34.00 29.68 25.61 33.11 36.40 28.18 23.85 31.05 27.31 67.98 65.92 35.51 65.30 31.40 12.08 61.33 40.85 48.33 60.90 61.85 56.80 41.30 38.33 36.06 53.85 32.39 33.11 31.00 22.36 26.48 26.00 41.40 8.25 38.01 34.41 34.41 36.07 28.30 29.00 32.65
23.32 24.52 17.00 34.01 32.25 14.87 30.46 30.00 11.66 0.00 8.06 7.07 15.30 7.81 16.16 12.81 17.00 11.18 13.93 16.40 20.10 14.14 18.00 14.56 20.22 7.21 21.54 18.68 28.30 21.54 17.00 39.36 34.99 36.06 32.02 41.88 33.97 39.70 41.04 37.54 52.61 38.64 38.33 35.36 50.16 40.05 45.40 35.06 31.05 53.85 38.05 40.11 35.13 66.94 61.61 56.75 66.10 55.90 65.76 60.83 65.38 45.65 41.34 37.20 44.72 47.76 39.82 35.51 42.38 38.91 78.03 75.59 47.17 75.47 43.01 17.72 71.20 50.61 58.31 71.28 72.62 66.89 49.34 46.49 43.68 62.77 40.85 43.27 38.33 28.64 35.34 33.53 41.79 18.44 38.90 35.44 45.34 35.34 30.41 28.79 30.89
16.76 19.24 10.77 27.17 25.00 7.07 30.61 23.35 6.08 8.06 0.00 3.00 21.47 15.81 23.02 20.52 24.21 19.24 21.93 24.41 16.76 11.18 15.65 21.00 18.87 13.00 27.29 18.44 32.89 21.93 18.60 39.82 36.07 37.48 34.21 43.14 36.62 42.01 43.60 40.82 48.01 34.00 34.06 31.06 46.10 36.35 41.01 31.40 26.02 47.80 35.17 37.36 32.57 61.66 56.44 51.48 61.20 51.09 61.07 56.08 61.00 39.00 34.44 30.02 38.28 41.98 33.24 28.64 36.67 32.57 69.97 67.54 40.25 67.42 35.85 10.05 63.13 42.54 50.25 63.25 64.66 58.83 41.48 38.60 35.90 54.78 32.89 35.23 30.59 21.10 27.31 25.71 37.22 10.63 34.00 30.41 37.48 31.40 24.70 24.41 27.59
19.65 18.03 10.05 27.00 25.18 8.06 33.02 23.02 9.06 7.07 3.00 0.00 18.87 14.32 20.62 18.60 21.93 18.03 20.88 22.83 19.65 13.93 18.38 21.21 21.47 13.34 27.89 20.81 34.01 24.21 20.52 42.20 38.29 39.62 36.12 45.34 38.42 43.93 45.45 42.44 51.01 37.00 37.05 34.06 49.09 39.32 44.01 34.37 29.02 50.70 38.08 40.26 35.44 64.63 59.41 54.45 64.20 54.08 64.07 59.08 64.00 41.79 37.16 32.65 41.11 44.91 36.06 31.38 39.62 35.44 71.56 68.96 42.95 69.07 38.47 10.77 64.66 44.10 51.87 65.00 66.60 60.46 42.38 39.56 36.69 55.95 34.01 37.01 31.32 21.59 28.65 26.57 35.78 13.04 32.70 29.15 39.62 29.68 23.77 22.83 25.61
38.08 28.79 25.00 40.31 39.82 26.25 43.93 36.25 26.57 15.30 21.47 18.87 0.00 10.44 3.00 7.07 5.00 12.21 14.14 11.18 35.36 29.43 33.14 21.95 35.00 19.24 28.60 33.06 36.62 35.36 30.41 52.20 47.43 48.10 43.46 53.85 44.72 50.54 51.48 47.17 67.90 53.94 53.60 50.64 65.38 55.23 60.67 50.25 46.32 68.95 53.01 55.00 50.00 82.23 76.90 72.03 81.39 71.20 81.05 76.12 80.62 60.42 55.90 51.48 59.62 62.94 54.63 50.09 57.57 53.85 89.02 86.02 61.72 86.68 57.31 28.28 82.01 61.72 69.53 82.88 84.85 78.10 58.31 55.76 52.48 72.40 50.80 55.15 47.17 37.44 46.10 43.01 42.00 31.91 40.11 37.34 58.26 35.00 34.48 30.41 30.00
30.81 30.00 23.54 40.45 39.05 22.36 33.54 36.35 19.21 7.81 15.81 14.32 10.44 0.00 10.00 5.39 10.20 4.00 7.00 8.60 26.25 20.62 23.77 12.04 25.18 9.00 19.10 23.02 26.91 25.08 20.10 41.76 37.00 37.70 33.11 43.46 34.48 40.31 41.34 37.20 58.69 44.92 44.38 41.48 55.90 45.71 51.42 40.79 37.70 60.84 43.19 45.10 40.11 73.38 68.01 63.25 72.28 62.10 71.81 66.94 71.20 53.00 48.83 44.82 51.97 54.63 47.17 43.01 49.24 46.14 85.76 83.24 54.64 83.22 50.61 25.08 78.89 58.31 66.04 79.06 80.43 74.63 56.65 53.85 50.92 70.26 48.33 51.04 45.54 35.74 42.94 40.85 46.10 26.25 43.57 40.31 53.15 39.29 36.00 33.38 34.48
39.36 31.62 27.46 43.08 42.49 28.28 43.42 39.00 27.73 16.16 23.02 20.62 3.00 10.00 0.00 5.39 2.00 10.77 12.21 8.60 35.90 30.08 33.54 20.62 35.13 19.00 26.93 33.02 34.99 35.06 30.07 51.42 46.57 47.13 42.38 52.81 43.46 49.24 50.09 45.65 68.45 54.57 54.13 51.20 65.76 55.58 61.19 50.64 47.13 70.01 53.15 55.08 50.09 82.97 77.62 72.80 82.00 71.81 81.58 76.69 81.05 61.72 57.31 53.00 60.84 63.91 55.90 51.48 58.52 55.04 91.40 88.48 63.13 89.02 58.83 30.48 84.40 64.03 71.84 85.15 87.00 80.43 60.90 58.31 55.07 74.95 53.25 57.31 49.74 39.96 48.41 45.49 45.00 33.60 43.10 40.31 60.21 38.00 37.36 33.38 33.00
36.06 32.39 26.93 43.42 42.38 26.63 38.21 39.29 24.41 12.81 20.52 18.60 7.07 5.39 5.39 0.00 5.00 5.39 7.07 5.00 31.62 26.00 29.12 15.23 30.41 14.14 21.63 28.16 29.68 30.00 25.00 46.10 41.23 41.76 37.00 47.43 38.08 43.86 44.72 40.31 64.03 50.29 49.73 46.84 61.19 50.99 56.75 46.10 43.08 66.21 48.37 50.25 45.28 78.75 73.38 68.62 77.62 67.45 77.13 72.28 76.49 58.31 54.08 50.00 57.31 60.01 52.48 48.26 54.63 51.48 90.14 87.46 59.91 87.66 55.80 29.15 83.22 62.68 70.46 83.60 85.15 79.06 60.42 57.70 54.63 74.24 52.35 55.61 49.24 39.40 47.17 44.72 47.27 31.11 45.04 42.00 58.00 40.31 38.33 35.00 35.36
40.31 33.53 29.15 44.94 44.28 29.73 43.19 40.85 28.65 17.00 24.21 21.93 5.00 10.20 2.00 5.00 0.00 10.20 11.18 7.07 36.40 30.68 33.96 19.92 35.36 19.10 25.94 33.14 34.00 35.00 30.00 50.99 46.10 46.57 41.76 52.20 42.72 48.47 49.24 44.72 68.88 55.08 54.57 51.66 66.10 55.90 61.61 50.99 47.76 70.77 53.34 55.23 50.25 83.52 78.16 73.38 82.46 72.28 82.00 77.13 81.39 62.65 58.31 54.08 61.72 64.62 56.82 52.48 59.24 55.90 93.01 90.14 64.14 90.60 59.91 32.02 86.02 65.60 73.41 86.68 88.46 82.01 62.65 60.03 56.82 76.66 54.92 58.80 51.48 41.68 50.00 47.17 47.00 34.83 45.10 42.30 61.55 40.00 39.29 35.36 35.00
33.30 34.00 27.46 44.41 42.95 26.00 33.06 40.31 21.93 11.18 19.24 18.03 12.21 4.00 10.77 5.39 10.20 0.00 3.00 5.83 27.73 22.47 25.08 9.85 25.96 9.85 16.40 23.54 24.41 25.08 20.10 40.79 35.90 36.40 31.62 42.06 32.70 38.48 39.36 34.99 59.77 46.24 45.54 42.72 56.75 46.57 52.50 41.76 39.36 62.65 43.74 45.54 40.61 74.67 69.29 64.62 73.38 63.25 72.80 68.01 72.03 55.22 51.22 47.42 54.08 56.36 49.41 45.45 51.00 48.26 89.19 86.77 57.01 86.61 53.15 28.79 82.37 61.77 69.46 82.38 83.60 78.03 60.41 57.58 54.71 73.93 52.00 54.38 49.34 39.56 46.52 44.60 50.01 29.41 47.52 44.28 56.22 43.17 40.00 37.34 38.33
35.36 37.00 30.41 47.38 45.89 28.79 33.02 43.29 24.21 13.93 21.93 20.88 14.14 7.00 12.21 7.07 11.18 3.00 0.00 5.00 29.15 24.21 26.42 9.06 26.93 11.40 14.76 24.35 22.83 25.50 20.62 40.31 35.36 35.69 30.81 41.23 31.62 37.34 38.08 33.54 60.75 47.42 46.62 43.86 57.57 47.43 53.49 42.72 40.82 64.14 44.38 46.10 41.23 75.77 70.38 65.80 74.33 64.26 73.68 68.95 72.80 57.01 53.15 49.50 55.80 57.80 51.22 47.42 52.48 50.00 91.79 89.44 58.90 89.19 55.17 31.62 85.00 64.41 72.07 84.91 86.02 80.62 63.25 60.41 57.57 76.69 54.78 56.94 52.20 42.45 49.24 47.43 52.95 31.91 50.49 47.27 58.60 46.10 43.00 40.31 41.23
39.05 37.34 31.62 48.27 47.13 30.89 38.01 44.15 27.59 16.40 24.41 22.83 11.18 8.60 8.60 5.00 7.07 5.83 5.00 0.00 33.54 28.30 30.87 14.04 31.62 15.65 19.31 29.12 27.31 30.41 25.50 45.28 40.31 40.61 35.69 46.10 36.40 42.06 42.72 38.08 65.46 52.00 51.26 48.47 62.36 52.20 58.19 47.43 45.18 68.48 49.24 50.99 46.10 80.41 75.03 70.38 79.06 68.95 78.45 73.68 77.62 61.03 57.01 53.15 59.91 62.18 55.22 51.22 56.82 54.08 94.34 91.79 62.80 91.81 58.90 33.54 87.46 66.89 74.63 87.66 89.02 83.22 65.00 62.24 59.24 78.72 56.80 59.64 53.85 44.01 51.48 49.24 52.24 34.83 50.04 47.00 61.72 45.28 43.29 40.00 40.31
10.00 33.30 25.00 37.22 34.00 19.21 16.12 34.41 10.77 20.10 16.76 19.65 35.36 26.25 35.90 31.62 36.40 27.73 29.15 33.54 0.00 6.00 2.83 22.63 5.00 17.89 25.06 7.28 26.48 10.00 11.18 25.00 22.36 24.17 22.56 29.15 25.50 29.73 31.62 30.41 32.56 18.68 18.25 15.30 30.07 20.00 25.32 15.00 11.66 34.99 18.44 20.62 15.81 47.13 41.76 37.00 46.10 35.90 45.71 40.79 45.28 28.28 25.00 22.36 26.91 28.65 22.67 19.72 23.32 21.21 68.01 66.71 30.48 65.15 27.46 21.21 61.85 42.30 49.03 60.41 60.42 57.01 45.28 42.30 40.79 56.14 36.35 34.23 36.40 29.53 30.41 31.62 50.93 14.42 47.42 43.86 33.53 46.10 37.54 39.05 43.01
11.66 29.07 20.52 34.54 31.62 15.00 19.80 31.30 5.66 14.14 11.18 13.93 29.43 20.62 30.08 26.00 30.68 22.47 24.21 28.30 6.00 0.00 4.47 18.87 7.81 12.81 22.80 8.06 26.02 11.66 10.05 29.00 25.61 27.20 24.60 32.65 27.31 32.25 34.00 31.95 38.47 24.52 24.19 21.21 36.06 26.00 31.26 21.00 17.09 40.25 24.33 26.48 21.59 52.89 47.54 42.72 51.97 41.77 51.62 46.69 51.24 32.80 29.00 25.61 31.62 34.01 27.02 23.35 28.64 25.81 70.01 68.31 34.71 67.23 31.14 17.49 63.57 43.42 50.60 62.65 63.13 58.87 45.01 42.01 40.05 56.89 36.01 35.44 35.23 27.20 30.02 30.27 47.01 12.17 43.60 40.00 35.78 41.73 33.84 34.66 38.29
12.17 33.24 24.76 38.01 34.93 19.10 15.62 34.99 10.00 18.00 15.65 18.38 33.14 23.77 33.54 29.12 33.96 25.08 26.42 30.87 2.83 4.47 0.00 19.80 3.61 15.23 22.36 5.00 24.19 8.25 8.54 24.76 21.63 23.32 21.19 28.60 24.04 28.64 30.46 28.86 34.93 21.19 20.62 17.72 32.25 22.09 27.66 17.12 14.42 37.74 20.10 22.20 17.26 49.65 44.27 39.56 48.51 38.33 48.05 43.17 47.52 31.11 27.80 25.06 29.73 31.38 25.50 22.47 26.08 24.04 70.52 69.12 33.30 67.68 30.23 21.40 64.29 44.55 51.42 62.97 63.07 59.48 47.10 44.10 42.43 58.31 38.12 36.50 37.85 30.46 32.14 32.98 51.09 15.23 47.63 44.05 36.06 45.97 37.80 38.90 42.64
30.53 39.05 31.26 48.09 46.00 28.02 24.08 44.18 20.88 14.56 21.00 21.21 21.95 12.04 20.62 15.23 19.92 9.85 9.06 14.04 22.63 18.87 19.80 0.00 19.42 8.00 7.21 16.64 14.87 17.09 12.53 31.26 26.31 26.68 21.84 32.28 22.85 28.64 29.53 25.24 52.80 39.96 38.95 36.36 49.40 39.40 45.62 34.89 34.06 57.20 36.06 37.64 32.89 67.98 62.61 58.18 66.31 56.36 65.55 60.93 64.51 50.91 47.51 44.41 49.52 50.80 45.28 42.01 45.61 43.84 88.64 86.73 53.08 85.91 49.82 31.02 82.08 61.68 69.08 81.39 81.99 77.47 61.98 59.03 56.57 74.73 53.15 53.85 51.35 42.05 47.30 46.39 56.30 29.12 53.45 50.00 54.59 49.77 44.91 43.32 45.19
15.00 36.80 28.28 41.59 38.48 22.67 12.04 38.59 13.45 20.22 18.87 21.47 35.00 25.18 35.13 30.41 35.36 25.96 26.93 31.62 5.00 7.81 3.61 19.42 0.00 16.28 20.81 2.83 21.59 5.00 7.07 21.21 18.03 19.72 17.72 25.00 20.62 25.08 26.93 25.50 33.84 20.59 19.70 17.00 30.81 20.62 26.57 15.81 14.87 37.80 18.03 20.00 15.00 48.85 43.46 38.91 47.43 37.34 46.84 42.06 46.10 32.02 29.15 26.93 30.48 31.40 26.63 24.17 26.25 25.00 72.80 71.59 34.41 69.92 31.76 25.00 66.71 47.27 53.94 65.15 65.00 61.85 50.25 47.27 45.71 61.13 41.30 39.20 41.23 34.01 35.36 36.40 54.67 18.79 51.22 47.63 38.33 49.50 41.40 42.43 46.10
24.08 31.32 23.35 40.11 38.00 20.02 24.74 36.22 13.42 7.21 13.00 13.34 19.24 9.00 19.00 14.14 19.10 9.85 11.40 15.65 17.89 12.81 15.23 8.00 16.28 0.00 14.56 14.04 21.10 16.12 11.18 33.24 28.64 29.53 25.24 35.36 27.02 32.80 34.06 30.41 50.00 36.40 35.74 32.89 47.07 36.88 42.72 32.02 29.53 52.84 34.23 36.12 31.14 64.85 59.46 54.78 63.60 53.45 63.06 58.24 62.37 45.61 41.77 38.21 44.41 46.53 39.82 36.07 41.18 38.60 81.39 79.31 47.51 78.71 43.84 23.02 74.73 54.23 61.74 74.30 75.17 70.21 54.13 51.20 48.66 67.05 45.35 46.52 43.42 34.06 39.56 38.47 48.85 21.54 45.88 42.38 47.71 42.49 37.11 35.85 38.08
34.18 45.88 37.85 54.45 52.15 34.13 21.54 50.64 26.08 21.54 27.29 27.89 28.60 19.10 26.93 21.63 25.94 16.40 14.76 19.31 25.06 22.80 22.36 7.21 20.81 14.56 0.00 18.03 8.06 16.97 13.89 27.07 22.09 22.00 17.00 27.17 17.26 22.80 23.41 18.79 52.15 40.36 39.05 36.80 48.37 38.83 45.22 34.83 35.61 58.00 34.99 36.24 31.91 67.42 62.13 58.01 65.37 55.76 64.41 60.03 63.07 52.80 49.93 47.41 51.22 51.62 47.43 44.78 46.69 45.80 92.70 91.09 55.22 89.89 52.48 37.12 86.33 66.22 73.38 85.23 85.43 81.60 67.36 64.38 62.13 79.62 58.42 58.24 57.04 48.04 52.47 52.04 63.32 34.23 60.41 56.92 58.31 56.86 51.66 50.33 52.33
17.12 37.01 28.43 42.54 39.56 23.02 12.21 39.36 13.60 18.68 18.44 20.81 33.06 23.02 33.02 28.16 33.14 23.54 24.35 29.12 7.28 8.06 5.00 16.64 2.83 14.04 18.03 0.00 19.24 3.61 4.24 21.40 17.69 19.21 16.55 24.76 19.31 24.19 25.94 24.04 36.40 23.32 22.36 19.72 33.24 23.09 29.15 18.38 17.69 40.61 20.22 22.09 17.12 51.48 46.10 41.59 49.98 39.92 49.34 44.60 48.51 34.83 31.91 29.55 33.30 34.21 29.41 26.83 29.07 27.80 75.29 73.98 37.20 72.42 34.48 25.55 69.12 49.50 56.29 67.68 67.62 64.29 52.09 49.09 47.38 63.29 43.10 41.44 42.76 35.11 37.12 37.85 55.00 19.92 51.61 48.01 40.80 49.58 41.88 42.52 45.97
36.35 52.00 43.66 59.67 57.07 39.29 17.69 56.04 30.41 28.30 32.89 34.01 36.62 26.91 34.99 29.68 34.00 24.41 22.83 27.31 26.48 26.02 24.19 14.87 21.59 21.10 8.06 19.24 0.00 16.76 16.00 20.88 16.16 15.52 10.77 20.02 10.05 15.13 15.52 10.77 48.92 38.60 37.01 35.23 44.82 36.07 42.43 32.80 35.34 56.22 31.83 32.65 29.00 64.03 58.90 55.17 61.61 52.50 60.46 56.40 58.83 52.35 50.16 48.38 50.61 50.00 47.42 45.54 45.49 45.62 94.37 93.17 55.01 91.48 52.92 42.20 88.29 68.73 75.50 86.68 86.38 83.43 71.00 68.00 66.07 82.49 62.00 60.67 61.20 52.77 56.00 56.22 69.78 38.12 66.71 63.16 59.91 63.53 57.58 56.80 59.17
20.00 40.61 32.02 46.10 43.08 26.63 8.94 42.94 17.20 21.54 21.93 24.21 35.36 25.08 35.06 30.00 35.00 25.08 25.50 30.41 10.00 11.66 8.25 17.09 5.00 16.12 16.97 3.61 16.76 0.00 5.00 18.03 14.14 15.62 13.00 21.21 15.81 20.59 22.36 20.62 35.78 23.43 22.20 19.85 32.31 22.36 28.65 18.03 18.87 41.04 18.97 20.62 15.81 51.00 45.65 41.34 49.24 39.36 48.47 43.86 47.43 36.06 33.54 31.62 34.41 34.66 30.89 28.79 29.73 29.15 77.62 76.49 38.59 74.73 36.25 29.15 71.59 52.24 58.86 69.92 69.64 66.71 55.23 52.24 50.64 66.12 46.27 44.18 46.10 38.63 40.31 41.23 58.60 23.41 55.22 51.61 43.17 53.15 45.49 46.10 49.50
20.62 37.74 29.15 44.27 41.48 24.17 13.60 40.85 14.87 17.00 18.60 20.52 30.41 20.10 30.07 25.00 30.00 20.10 20.62 25.50 11.18 10.05 8.54 12.53 7.07 11.18 13.89 4.24 16.00 5.00 0.00 22.36 18.03 19.21 15.62 25.00 18.03 23.43 25.00 22.36 40.31 27.46 26.42 23.85 37.00 26.93 33.11 22.36 21.93 44.82 23.77 25.50 20.62 55.46 50.09 45.65 53.85 43.86 53.14 48.47 52.20 39.05 36.06 33.54 37.54 38.42 33.60 30.89 33.30 32.02 79.06 77.62 41.40 76.22 38.59 26.93 72.80 52.95 59.91 71.51 71.59 68.01 55.00 52.00 50.09 66.61 46.00 44.91 45.28 37.11 40.00 40.31 55.76 22.20 52.48 48.88 44.60 50.00 42.94 43.01 46.10
33.54 58.00 49.50 62.13 58.83 43.86 9.22 59.41 34.66 39.36 39.82 42.20 52.20 41.76 51.42 46.10 50.99 40.79 40.31 45.28 25.00 29.00 24.76 31.26 21.21 33.24 27.07 21.40 20.88 18.03 22.36 0.00 5.00 5.39 10.20 5.00 11.18 9.43 11.18 14.14 31.06 25.18 23.19 23.00 26.63 20.62 26.00 20.00 26.48 40.85 16.28 15.81 15.00 45.34 40.61 37.74 42.43 34.41 41.04 37.54 39.05 40.31 40.00 40.31 38.33 35.44 37.00 37.34 32.39 35.00 85.15 85.00 43.29 82.15 43.00 46.10 80.00 62.80 68.18 77.16 75.66 75.00 68.01 65.15 64.26 76.79 59.46 55.11 60.42 54.38 53.85 55.90 75.82 39.41 72.35 68.77 52.24 70.71 62.48 63.64 67.27
31.62 54.67 46.10 59.54 56.36 40.61 6.32 56.60 31.24 34.99 36.07 38.29 47.43 37.00 46.57 41.23 46.10 35.90 35.36 40.31 22.36 25.61 21.63 26.31 18.03 28.64 22.09 17.69 16.16 14.14 18.03 5.00 0.00 2.00 5.39 7.07 7.07 8.00 10.00 11.18 34.06 26.25 24.35 23.54 29.73 22.36 28.30 20.62 26.00 42.94 17.89 18.03 15.81 48.80 43.86 40.61 46.10 37.54 44.82 41.04 43.01 41.23 40.31 40.00 39.29 37.16 37.34 37.00 33.53 35.36 85.59 85.15 44.15 82.61 43.29 43.01 80.16 62.20 68.00 77.65 76.49 75.17 66.71 63.79 62.64 76.24 57.97 54.33 58.52 51.88 52.20 53.85 72.62 36.72 69.20 65.60 52.00 67.27 59.41 60.21 63.64
33.53 56.22 47.63 61.29 58.14 42.20 8.25 58.31 32.80 36.06 37.48 39.62 48.10 37.70 47.13 41.76 46.57 36.40 35.69 40.61 24.17 27.20 23.32 26.68 19.72 29.53 22.00 19.21 15.52 15.62 19.21 5.39 2.00 0.00 5.00 5.83 5.83 6.00 8.00 9.43 35.61 28.16 26.25 25.50 31.24 24.17 30.02 22.56 28.00 44.72 19.70 19.72 17.72 50.21 45.34 42.20 47.42 39.05 46.10 42.43 44.20 43.17 42.30 42.00 41.23 39.00 39.32 39.00 35.44 37.34 87.57 87.14 46.10 84.59 45.28 44.65 82.15 64.20 70.00 79.63 78.45 77.16 68.66 65.73 64.56 78.23 59.91 56.32 60.41 53.67 54.12 55.71 74.20 38.47 70.80 67.20 54.00 68.77 61.03 61.72 65.07
32.39 53.25 44.65 59.09 56.08 39.45 8.54 55.90 30.02 32.02 34.21 36.12 43.46 33.11 42.38 37.00 41.76 31.62 30.81 35.69 22.56 24.60 21.19 21.84 17.72 25.24 17.00 16.55 10.77 13.00 15.62 10.20 5.39 5.00 0.00 10.44 3.00 7.81 9.43 8.00 38.90 29.97 28.18 26.93 34.66 26.63 32.80 24.17 28.44 47.17 22.20 22.67 19.72 53.81 48.80 45.34 51.22 42.43 50.00 46.10 48.26 44.60 43.17 42.30 42.72 41.18 40.26 39.32 37.16 38.33 88.28 87.57 47.43 85.33 46.10 42.06 82.61 64.00 70.18 80.41 79.56 77.65 67.74 64.78 63.35 78.01 58.86 56.01 58.94 51.62 52.95 54.12 71.28 36.40 67.96 64.35 54.23 65.60 58.31 58.60 61.72
38.08 61.72 53.15 66.37 63.13 47.63 13.04 63.51 38.29 41.88 43.14 45.34 53.85 43.46 52.81 47.43 52.20 42.06 41.23 46.10 29.15 32.65 28.60 32.28 25.00 35.36 27.17 24.76 20.02 21.21 25.00 5.00 7.07 5.83 10.44 0.00 10.00 5.83 7.07 11.18 35.36 30.15 28.16 28.00 30.89 25.50 30.68 25.00 31.40 45.54 21.21 20.62 20.00 49.20 44.65 42.06 46.10 38.59 44.60 41.40 42.43 45.28 45.00 45.28 43.29 40.26 42.00 42.30 37.34 40.00 90.14 90.00 48.26 87.14 48.00 50.00 85.00 67.74 73.17 82.15 80.62 80.00 72.80 69.92 68.95 81.74 64.20 60.02 65.00 58.67 58.52 60.42 79.65 43.57 76.22 72.62 57.22 74.33 66.40 67.27 70.71
35.36 55.76 47.17 61.85 58.87 42.06 11.40 58.60 32.65 33.97 36.62 38.42 44.72 34.48 43.46 38.08 42.72 32.70 31.62 36.40 25.50 27.31 24.04 22.85 20.62 27.02 17.26 19.31 10.05 15.81 18.03 11.18 7.07 5.83 3.00 10.00 0.00 5.83 7.07 5.00 41.11 32.70 30.87 29.73 36.80 29.15 35.23 26.93 31.40 49.74 24.70 25.00 22.36 55.87 50.93 47.63 53.15 44.60 51.86 48.10 50.00 47.43 46.10 45.28 45.54 43.83 43.17 42.30 39.92 41.23 91.24 90.55 50.29 88.28 49.03 44.72 85.59 67.00 73.17 83.36 82.46 80.62 70.71 67.74 66.29 81.01 61.81 59.01 61.85 54.42 55.90 57.01 73.78 39.22 70.49 66.89 57.22 68.01 60.90 61.03 64.03
39.29 61.03 52.43 66.64 63.56 47.17 14.14 63.53 37.74 39.70 42.01 43.93 50.54 40.31 49.24 43.86 48.47 38.48 37.34 42.06 29.73 32.25 28.64 28.64 25.08 32.80 22.80 24.19 15.13 20.59 23.43 9.43 8.00 6.00 7.81 5.83 5.83 0.00 2.00 5.39 40.50 33.96 32.02 31.40 36.06 29.73 35.34 28.44 34.00 50.16 25.30 25.08 23.54 54.67 50.00 47.17 51.66 43.83 50.21 46.86 48.10 49.03 48.26 48.00 47.07 44.60 45.28 45.00 41.23 43.29 93.54 93.13 51.97 90.55 51.24 49.74 88.14 70.18 76.00 85.59 84.34 83.15 74.53 71.59 70.34 84.21 65.73 62.29 66.10 59.09 59.91 61.35 79.06 43.86 75.72 72.11 60.00 73.41 66.04 66.40 69.53
41.23 62.68 54.08 68.45 65.39 48.88 16.12 65.30 39.45 41.04 43.60 45.45 51.48 41.34 50.09 44.72 49.24 39.36 38.08 42.72 31.62 34.00 30.46 29.53 26.93 34.06 23.41 25.94 15.52 22.36 25.00 11.18 10.00 8.00 9.43 7.07 7.07 2.00 0.00 5.00 42.19 35.90 33.96 33.38 37.74 31.62 37.16 30.41 36.00 52.00 27.20 26.93 25.50 56.22 51.61 48.88 53.15 45.49 51.66 48.41 49.50 50.99 50.25 50.00 49.03 46.49 47.27 47.00 43.17 45.28 95.52 95.13 53.94 92.54 53.24 51.48 90.14 72.17 78.00 87.57 86.31 85.15 76.49 73.55 72.28 86.21 67.68 64.28 68.01 60.93 61.85 63.25 80.71 45.69 77.39 73.78 62.00 75.00 67.74 68.01 71.06
40.31 60.03 51.48 66.48 63.57 46.52 16.28 63.16 37.16 37.54 40.82 42.44 47.17 37.20 45.65 40.31 44.72 34.99 33.54 38.08 30.41 31.95 28.86 25.24 25.50 30.41 18.79 24.04 10.77 20.62 22.36 14.14 11.18 9.43 8.00 11.18 5.00 5.39 5.00 0.00 45.00 37.34 35.47 34.48 40.61 33.54 39.45 31.62 36.35 54.12 29.07 29.15 26.93 59.46 54.67 51.61 56.57 48.41 55.17 51.66 53.15 52.20 50.99 50.25 50.29 48.33 48.05 47.27 44.60 46.10 96.18 95.52 55.08 93.21 53.94 49.24 90.55 72.00 78.16 88.28 87.32 85.59 75.66 72.69 71.20 86.01 66.75 64.01 66.71 59.14 60.83 61.85 78.03 43.97 74.79 71.20 62.20 72.11 65.30 65.19 68.01
